7.52	1	11	0.0074	7	1
8.0	1	10	0.0011	1	2
9.0	1	11	0.1637	154	3
10.0	1	11	0.4761	448	4
11.0	1	11	0.559	526	5
12.0	1	11	0.6546	616	6
13.0	1	10	0.509	479	7
14.0	1	10	0.4123	388	8
15.0	1	11	0.2604	245	9
16.0	1	10	0.1955	184	10
17.0	1	11	0.1658	156	11
18.0	1	9	0.135	127	12
19.0	1	10	0.1233	116	13
20.0	1	9	0.1116	105	14
21.0	1	10	0.136	128	15
22.0	1	11	0.1413	133	16
23.0	1	11	0.1477	139	17
0.0	1	9	0.1339	126	18
1.0	1	8	0.1254	118	19
2.0	1	10	0.1126	106	20
3.0	1	10	0.0893	84	21
4.0	1	10	0.051	48	22
5.0	1	10	0.0223	21	23
6.0	1	9	0.0244	23	24
7.0	1	9	0.017	16	25
8.0	1	8	0.0213	20	26
9.0	1	9	0.0287	27	27
10.0	1	9	0.034	32	28
11.0	1	8	0.0712	67	29
12.0	1	9	0.1424	134	30
13.0	1	10	0.1966	185	31
14.0	1	11	0.2455	231	32
15.0	1	11	0.3953	372	33
16.0	1	10	0.3358	316	34
17.0	1	9	0.186	175	35
18.0	1	9	0.2444	230	36
19.0	1	11	0.3071	289	37
20.0	1	11	0.3858	363	38
21.0	1	11	0.4814	453	39
22.0	1	8	0.3964	373	40
23.0	1	10	0.3932	370	41
0.0	1	10	0.3889	366	42
1.0	1	10	0.5027	473	43
2.0	1	10	0.4835	455	44
3.0	1	10	0.4899	461	45
4.0	1	9	0.4857	457	46
5.0	1	9	0.3709	349	47
6.0	1	10	0.3932	370	48
7.0	1	10	0.3762	354	49
8.0	1	10	0.3943	371	50
9.0	1	10	0.4442	418	51
10.0	1	9	0.3549	334	52
11.0	1	8	0.3858	363	53
12.0	1	11	0.3603	339	54
13.0	1	9	0.2635	248	55
14.0	1	10	0.2295	216	56
15.0	1	11	0.2264	213	57
16.0	1	11	0.1807	170	58
17.0	1	10	0.1222	115	59
18.0	1	10	0.0988	93	60
19.0	1	10	0.1265	119	61
20.0	1	9	0.1552	146	62
21.0	1	11	0.2806	264	63
22.0	1	12	0.3634	342	64
23.0	1	11	0.5547	522	65
0.0	1	12	0.6164	580	66
1.0	1	12	0.6196	583	67
2.0	1	11	0.678	638	68
3.0	1	10	0.6387	601	69
4.0	1	9	0.6057	570	70
5.0	1	8	0.6164	580	71
6.0	1	9	0.6132	577	72
7.0	1	9	0.6366	599	73
8.0	1	11	0.6461	608	74
9.0	1	11	0.779	733	75
10.0	1	10	0.7311	688	76
11.0	1	11	0.6621	623	77
12.0	1	11	0.7386	695	78
13.0	1	12	0.7067	665	79
14.0	1	12	0.5005	471	80
15.0	1	12	0.6196	583	81
16.0	1	11	0.7588	714	82
17.0	1	9	0.8034	756	83
18.0	1	11	0.8353	786	84
19.0	1	12	0.7662	721	85
20.0	1	9	0.5877	553	86
21.0	1	7	0.6748	635	87
22.0	1	8	0.7141	672	88
23.0	1	8	0.796	749	89
0.0	1	12	0.8544	804	90
1.0	1	12	0.882	830	91
2.0	1	12	0.8034	756	92
3.0	1	11	0.7205	678	93
4.0	1	12	0.5855	551	94
5.0	1	12	0.4145	390	95
6.0	1	12	0.4251	400	96
7.0	1	11	0.3656	344	97
8.0	1	11	0.3751	353	98
9.0	1	10	0.288	271	99
10.0	1	10	0.3061	288	100
11.0	1	12	0.1902	179	101
12.0	1	11	0.1764	166	102
13.0	1	12	0.0616	58	103
14.0	1	11	0.0383	36	104
15.0	1	10	0.0574	54	105
16.0	1	12	0.0351	33	106
17.0	1	12	0.0298	28	107
18.0	1	12	0.0244	23	108
19.0	1	12	0.0138	13	109
20.0	1	12	0.0404	38	110
21.0	1	10	0.0616	58	111
22.0	1	12	0.0563	53	112
23.0	1	12	0.0521	49	113
0.0	1	12	0.068	64	114
1.0	1	11	0.0956	90	115
2.0	1	11	0.1137	107	116
3.0	1	11	0.1552	146	117
4.0	1	10	0.1031	97	118
5.0	1	10	0.119	112	119
6.0	1	10	0.1679	158	120
7.0	1	10	0.1562	147	121
8.0	1	10	0.1509	142	122
9.0	1	11	0.1828	172	123
10.0	1	12	0.1392	131	124
11.0	1	12	0.0903	85	125
12.0	1	12	0.1265	119	126
13.0	1	12	0.1254	118	127
14.0	1	12	0.0978	92	128
15.0	1	12	0.1445	136	129
16.0	1	12	0.0903	85	130
17.0	1	12	0.1095	103	131
18.0	1	12	0.0999	94	132
19.0	1	12	0.1477	139	133
20.0	1	12	0.3199	301	134
21.0	1	12	0.2497	235	135
22.0	1	12	0.3974	374	136
23.0	1	12	0.9724	915	137
0.0	1	12	0.9734	916	138
1.0	1	12	0.9798	922	139
2.0	1	11	0.9756	918	140
3.0	1	12	0.9628	906	141
4.0	1	12	0.8884	836	142
5.0	1	12	0.8693	818	143
6.0	1	12	0.848	798	144
7.0	1	12	0.8969	844	145
8.0	1	12	0.9118	858	146
9.0	1	12	0.9171	863	147
10.0	1	11	0.8268	778	148
11.0	1	12	0.4963	467	149
12.0	1	12	0.1594	150	150
13.0	1	12	0.068	64	151
14.0	1	11	0.0414	39	152
15.0	1	12	0.0393	37	153
16.0	1	12	0.0372	35	154
17.0	1	12	0.0383	36	155
18.0	1	12	0.0691	65	156
19.0	1	12	0.1828	172	157
20.0	1	12	0.3868	364	158
21.0	1	12	0.5313	500	159
22.0	1	12	0.5367	505	160
23.0	1	12	0.3932	370	161
0.0	1	12	0.3486	328	162
1.0	1	12	0.2891	272	163
2.0	1	12	0.2264	213	164
3.0	1	12	0.1668	157	165
4.0	1	12	0.152	143	166
5.0	1	12	0.1796	169	167
6.0	1	12	0.1498	141	168
7.0	1	12	0.1605	151	169
8.0	1	12	0.1711	161	170
9.0	1	12	0.3751	353	171
10.0	1	12	0.4878	459	172
11.0	1	12	0.7269	684	173
12.0	1	12	0.8565	806	174
13.0	1	12	0.7386	695	175
14.0	1	12	0.7375	694	176
15.0	1	11	0.6589	620	177
16.0	1	11	0.492	463	178
17.0	1	9	0.5207	490	179
18.0	1	10	0.2604	245	180
19.0	1	12	0.1775	167	181
20.0	1	12	0.1743	164	182
21.0	1	12	0.1382	130	183
16.37	1	12	0.1052	99	184
22.0	2	11	0.0043	1	1
23.0	2	11	0.0	0	2
0.0	2	11	0.0	0	3
1.0	2	11	0.0	0	4
2.0	2	11	0.0	0	5
3.0	2	11	0.0043	1	6
4.0	2	11	0.0043	1	7
5.0	2	11	0.0043	1	8
6.0	2	11	0.0	0	9
7.0	2	11	0.0	0	10
8.0	2	11	0.0043	1	11
9.0	2	11	0.0	0	12
10.0	2	11	0.0	0	13
11.0	2	11	0.0	0	14
12.0	2	11	0.0	0	15
13.0	2	11	0.0	0	16
14.0	2	11	0.0	0	17
15.0	2	11	0.0	0	18
16.0	2	11	0.0	0	19
17.0	2	11	0.0	0	20
18.0	2	11	0.0	0	21
19.0	2	11	0.0	0	22
20.0	2	11	0.0	0	23
21.0	2	11	0.0	0	24
22.0	2	11	0.0	0	25
23.0	2	11	0.0	0	26
0.0	2	11	0.0	0	27
1.0	2	11	0.0	0	28
2.0	2	11	0.0	0	29
3.0	2	11	0.0	0	30
4.0	2	11	0.0	0	31
5.0	2	11	0.0043	1	32
6.0	2	11	0.0043	1	33
7.0	2	10	0.0	0	34
8.0	2	10	0.0	0	35
9.0	2	9	0.0	0	36
10.0	2	10	0.0	0	37
11.0	2	10	0.0	0	38
12.0	2	10	0.0	0	39
13.0	2	10	0.0	0	40
14.0	2	10	0.0	0	41
15.0	2	10	0.0	0	42
16.0	2	10	0.0	0	43
17.0	2	10	0.0	0	44
18.0	2	10	0.0	0	45
19.0	2	10	0.0	0	46
20.0	2	10	0.0	0	47
21.0	2	10	0.0	0	48
22.0	2	10	0.0	0	49
23.0	2	10	0.0	0	50
0.0	2	10	0.0	0	51
1.0	2	10	0.0	0	52
2.0	2	10	0.0043	1	53
3.0	2	10	0.0043	1	54
4.0	2	10	0.0085	2	55
5.0	2	10	0.0043	1	56
6.0	2	10	0.0085	2	57
7.0	2	10	0.0043	1	58
8.0	2	10	0.0043	1	59
9.0	2	10	0.0	0	60
10.0	2	10	0.0	0	61
11.0	2	10	0.0	0	62
12.0	2	10	0.0	0	63
13.0	2	10	0.0	0	64
14.0	2	10	0.0	0	65
15.0	2	10	0.0043	1	66
16.0	2	10	0.0	0	67
17.0	2	10	0.0128	3	68
18.0	2	10	0.0043	1	69
19.0	2	10	0.0	0	70
20.0	2	10	0.0	0	71
21.0	2	10	0.0	0	72
22.0	2	10	0.0	0	73
23.0	2	10	0.0	0	74
0.0	2	10	0.0043	1	75
1.0	2	10	0.0043	1	76
2.0	2	10	0.0085	2	77
3.0	2	10	0.0043	1	78
4.0	2	10	0.0043	1	79
5.0	2	12	0.0043	1	80
6.0	2	12	0.0043	1	81
7.0	2	11	0.0043	1	82
8.0	2	11	0.0043	1	83
9.0	2	11	0.0043	1	84
10.0	2	11	0.0043	1	85
11.0	2	11	0.0085	2	86
12.0	2	11	0.0043	1	87
13.0	2	11	0.0043	1	88
14.0	2	11	0.0043	1	89
15.0	2	11	0.0043	1	90
16.0	2	11	0.0043	1	91
17.0	2	11	0.0	0	92
18.0	2	11	0.0	0	93
19.0	2	11	0.0085	2	94
20.0	2	11	0.0	0	95
21.0	2	11	0.0	0	96
22.0	2	11	0.0	0	97
23.0	2	11	0.0	0	98
0.0	2	11	0.0	0	99
1.0	2	11	0.0043	1	100
2.0	2	11	0.0043	1	101
3.0	2	11	0.0043	1	102
4.0	2	11	0.0043	1	103
5.0	2	11	0.0	0	104
6.0	2	11	0.0	0	105
7.0	2	11	0.0	0	106
8.0	2	11	0.0	0	107
9.0	2	11	0.0	0	108
10.0	2	11	0.0	0	109
11.0	2	11	0.0	0	110
12.0	2	11	0.0	0	111
13.0	2	11	0.0	0	112
14.0	2	11	0.0	0	113
15.0	2	11	0.0043	1	114
16.0	2	11	0.0	0	115
17.0	2	11	0.0	0	116
18.0	2	11	0.0	0	117
19.0	2	11	0.0085	2	118
20.0	2	11	0.0	0	119
21.0	2	11	0.0	0	120
22.0	2	11	0.0	0	121
23.0	2	11	0.0043	1	122
0.0	2	11	0.0043	1	123
1.0	2	11	0.0043	1	124
2.0	2	11	0.0	0	125
3.0	2	11	0.0043	1	126
4.0	2	11	0.0043	1	127
5.0	2	11	0.0043	1	128
6.0	2	11	0.0	0	129
7.0	2	11	0.0	0	130
8.0	2	11	0.0	0	131
9.0	2	11	0.0	0	132
10.0	2	11	0.0	0	133
11.0	2	11	0.0	0	134
12.0	2	11	0.0	0	135
13.0	2	11	0.0	0	136
14.0	2	11	0.0	0	137
15.0	2	11	0.0043	1	138
16.0	2	11	0.0	0	139
17.0	2	11	0.0	0	140
18.0	2	11	0.0	0	141
19.0	2	11	0.0	0	142
20.0	2	11	0.0	0	143
21.0	2	11	0.0	0	144
22.0	2	11	0.0	0	145
23.0	2	11	0.0	0	146
0.0	2	11	0.0	0	147
1.0	2	11	0.0043	1	148
2.0	2	11	0.0	0	149
3.0	2	12	0.0	0	150
4.0	2	12	0.0	0	151
5.0	2	12	0.0	0	152
6.0	2	12	0.0	0	153
7.0	2	12	0.0	0	154
8.0	2	12	0.0	0	155
9.0	2	12	0.0	0	156
10.0	2	12	0.0	0	157
11.0	2	12	0.0	0	158
12.0	2	12	0.0	0	159
13.0	2	12	0.0	0	160
14.0	2	12	0.0	0	161
15.0	2	12	0.0043	1	162
16.0	2	12	0.0	0	163
17.0	2	12	0.0	0	164
18.0	2	12	0.0043	1	165
19.0	2	12	0.0	0	166
20.0	2	12	0.0	0	167
21.0	2	12	0.0	0	168
22.0	2	12	0.0	0	169
23.0	2	12	0.0	0	170
0.0	2	12	0.0	0	171
1.0	2	12	0.0	0	172
2.0	2	12	0.0	0	173
3.0	2	12	0.0	0	174
4.0	2	12	0.0	0	175
5.0	2	12	0.0	0	176
6.0	2	12	0.0	0	177
7.0	2	12	0.0	0	178
8.0	2	11	0.0	0	179
9.0	2	11	0.0	0	180
10.0	2	11	0.0	0	181
11.0	2	11	0.0	0	182
12.0	2	11	0.0	0	183
13.0	2	11	0.0	0	184
14.0	2	11	0.0	0	185
15.0	2	11	0.0	0	186
16.0	2	11	0.0	0	187
17.0	2	11	0.0	0	188
18.0	2	11	0.0	0	189
19.0	2	11	0.0	0	190
20.0	2	11	0.0	0	191
21.0	2	11	0.0	0	192
22.0	2	11	0.0	0	193
23.0	2	11	0.0	0	194
0.0	2	11	0.0	0	195
1.0	2	11	0.0	0	196
2.0	2	11	0.0	0	197
3.0	2	11	0.0	0	198
4.0	2	11	0.0	0	199
5.0	2	11	0.0	0	200
6.0	2	11	0.0	0	201
7.0	2	11	0.0	0	202
8.0	2	11	0.0	0	203
9.0	2	11	0.0	0	204
10.0	2	11	0.0	0	205
11.0	2	11	0.0	0	206
12.0	2	11	0.0	0	207
13.0	2	11	0.0	0	208
14.0	2	11	0.0	0	209
15.0	2	11	0.0	0	210
16.0	2	11	0.0	0	211
17.0	2	11	0.0	0	212
18.0	2	11	0.0	0	213
19.0	2	11	0.0	0	214
20.0	2	11	0.0	0	215
21.0	2	11	0.0	0	216
22.0	2	11	0.0	0	217
23.0	2	11	0.0	0	218
0.0	2	11	0.0	0	219
1.0	2	11	0.0	0	220
2.0	2	11	0.0	0	221
3.0	2	11	0.0	0	222
4.0	2	11	0.0	0	223
5.0	2	11	0.0	0	224
6.0	2	11	0.0	0	225
7.0	2	11	0.0	0	226
8.0	2	11	0.0	0	227
9.0	2	11	0.0	0	228
10.0	2	11	0.0	0	229
11.0	2	11	0.0	0	230
12.0	2	11	0.0	0	231
13.0	2	11	0.0	0	232
14.0	2	11	0.0	0	233
15.0	2	11	0.0	0	234
16.0	2	11	0.0	0	235
17.0	2	11	0.0	0	236
18.0	2	11	0.0	0	237
19.0	2	11	0.0043	1	238
20.0	2	11	0.0385	9	239
21.0	2	11	0.1068	25	240
22.0	2	11	0.0	0	241
23.0	2	11	0.0	0	242
0.0	2	11	0.0	0	243
1.0	2	11	0.0	0	244
2.0	2	11	0.0	0	245
3.0	2	11	0.0	0	246
4.0	2	11	0.0	0	247
5.0	2	11	0.0	0	248
6.0	2	11	0.0	0	249
7.0	2	11	0.0	0	250
8.0	2	11	0.0	0	251
9.0	2	11	0.0	0	252
10.0	2	11	0.0	0	253
11.0	2	11	0.0	0	254
12.0	2	11	0.0	0	255
13.0	2	11	0.0	0	256
14.0	2	11	0.0	0	257
15.0	2	11	0.0	0	258
16.0	2	11	0.0	0	259
17.0	2	11	0.0	0	260
18.0	2	11	0.0299	7	261
19.0	2	11	0.0	0	262
20.0	2	11	0.0	0	263
21.0	2	11	0.0	0	264
22.0	2	11	0.0	0	265
23.0	2	11	0.0	0	266
0.0	2	11	0.0	0	267
1.0	2	11	0.0	0	268
2.0	2	11	0.0	0	269
3.0	2	11	0.0	0	270
4.0	2	11	0.0	0	271
5.0	2	11	0.0	0	272
6.0	2	11	0.0	0	273
7.0	2	11	0.0	0	274
8.0	2	11	0.0	0	275
9.0	2	11	0.0	0	276
10.0	2	11	0.0	0	277
11.0	2	11	0.0	0	278
12.0	2	11	0.0	0	279
13.0	2	11	0.0	0	280
14.0	2	11	0.0	0	281
15.0	2	11	0.0	0	282
16.0	2	11	0.0	0	283
17.0	2	11	0.0	0	284
18.0	2	11	0.0256	6	285
19.0	2	11	0.0	0	286
20.0	2	11	0.0	0	287
21.0	2	11	0.0	0	288
22.0	2	11	0.0	0	289
23.0	2	11	0.0	0	290
0.0	2	11	0.0	0	291
1.0	2	11	0.0	0	292
2.0	2	11	0.0	0	293
3.0	2	11	0.0	0	294
4.0	2	11	0.0	0	295
5.0	2	11	0.0	0	296
6.0	2	11	0.0	0	297
7.0	2	11	0.0	0	298
8.0	2	11	0.0	0	299
9.0	2	11	0.0	0	300
10.0	2	11	0.0	0	301
11.0	2	11	0.0	0	302
12.0	2	11	0.0	0	303
13.0	2	11	0.0	0	304
14.0	2	11	0.0	0	305
15.0	2	11	0.0	0	306
16.0	2	11	0.0	0	307
17.0	2	11	0.0	0	308
18.0	2	11	0.0	0	309
19.0	2	11	0.0	0	310
20.0	2	11	0.0	0	311
21.0	2	11	0.0	0	312
22.0	2	11	0.0	0	313
23.0	2	11	0.0	0	314
0.0	2	11	0.0	0	315
1.0	2	11	0.0	0	316
2.0	2	11	0.0	0	317
3.0	2	11	0.0	0	318
4.0	2	11	0.0	0	319
5.0	2	11	0.0	0	320
6.0	2	11	0.0	0	321
7.0	2	11	0.0	0	322
8.0	2	11	0.0	0	323
9.0	2	11	0.0	0	324
10.0	2	11	0.0	0	325
11.0	2	11	0.0	0	326
12.0	2	11	0.0	0	327
13.0	2	11	0.0	0	328
14.0	2	11	0.0	0	329
15.0	2	11	0.0	0	330
16.0	2	11	0.0	0	331
17.0	2	11	0.0	0	332
18.0	2	11	0.0171	4	333
19.0	2	11	0.0	0	334
20.0	2	11	0.0	0	335
21.0	2	11	0.0	0	336
22.0	2	11	0.0	0	337
23.0	2	11	0.0	0	338
0.0	2	11	0.0	0	339
1.0	2	11	0.0	0	340
2.0	2	11	0.0	0	341
3.0	2	11	0.0	0	342
4.0	2	11	0.0	0	343
5.0	2	11	0.0	0	344
6.0	2	11	0.0	0	345
7.0	2	11	0.0	0	346
8.0	2	11	0.0	0	347
9.0	2	11	0.0	0	348
10.0	2	11	0.0	0	349
11.0	2	11	0.0	0	350
12.0	2	11	0.0	0	351
13.0	2	11	0.0	0	352
14.0	2	11	0.0	0	353
15.0	2	11	0.0	0	354
16.0	2	11	0.0	0	355
17.0	2	11	0.0	0	356
18.0	2	11	0.0	0	357
19.0	2	11	0.0	0	358
20.0	2	11	0.0	0	359
21.0	2	11	0.0	0	360
22.0	2	11	0.0	0	361
23.0	2	11	0.0	0	362
0.0	2	11	0.0	0	363
1.0	2	11	0.0	0	364
2.0	2	11	0.0	0	365
3.0	2	11	0.0	0	366
4.0	2	11	0.0	0	367
5.0	2	11	0.0	0	368
6.0	2	11	0.0	0	369
7.0	2	11	0.0	0	370
8.0	2	11	0.0	0	371
9.0	2	11	0.0	0	372
10.0	2	11	0.0	0	373
11.0	2	11	0.0	0	374
12.0	2	11	0.0	0	375
13.0	2	11	0.0	0	376
14.0	2	11	0.0	0	377
15.0	2	11	0.0	0	378
16.0	2	11	0.0	0	379
17.0	2	11	0.0	0	380
18.0	2	11	0.0	0	381
19.0	2	11	0.0	0	382
20.0	2	11	0.0	0	383
21.0	2	11	0.0	0	384
22.0	2	11	0.0	0	385
23.0	2	11	0.0	0	386
0.0	2	11	0.0	0	387
1.0	2	11	0.0	0	388
2.0	2	11	0.0	0	389
3.0	2	11	0.0	0	390
4.0	2	11	0.0	0	391
5.0	2	11	0.0	0	392
6.0	2	11	0.0	0	393
7.0	2	11	0.0	0	394
8.0	2	11	0.0	0	395
9.0	2	11	0.0	0	396
10.0	2	11	0.0	0	397
11.0	2	11	0.0	0	398
12.0	2	11	0.0	0	399
13.0	2	11	0.0	0	400
14.0	2	12	0.0	0	401
15.0	2	12	0.0	0	402
16.0	2	12	0.0	0	403
17.0	2	12	0.0	0	404
18.0	2	12	0.0	0	405
19.0	2	12	0.0256	6	406
20.0	2	12	0.0	0	407
21.0	2	12	0.0	0	408
22.0	2	12	0.0	0	409
23.0	2	12	0.0	0	410
0.0	2	12	0.0	0	411
1.0	2	12	0.0043	1	412
2.0	2	12	0.0043	1	413
3.0	2	12	0.0	0	414
4.0	2	12	0.0	0	415
5.0	2	12	0.0	0	416
6.0	2	12	0.0	0	417
7.0	2	12	0.0	0	418
8.0	2	12	0.0	0	419
9.0	2	12	0.0	0	420
10.0	2	12	0.0	0	421
11.0	2	12	0.0	0	422
12.0	2	12	0.0	0	423
13.0	2	12	0.0	0	424
14.0	2	12	0.0	0	425
15.0	2	12	0.0	0	426
16.0	2	12	0.0	0	427
17.0	2	12	0.0	0	428
18.0	2	12	0.0043	1	429
19.0	2	12	0.0	0	430
20.0	2	12	0.0	0	431
21.0	2	12	0.0	0	432
22.0	2	12	0.0	0	433
23.0	2	12	0.0	0	434
0.0	2	11	0.0	0	435
1.0	2	11	0.0	0	436
2.0	2	11	0.0	0	437
3.0	2	12	0.0043	1	438
4.0	2	12	0.0	0	439
5.0	2	12	0.0043	1	440
6.0	2	12	0.0	0	441
7.0	2	12	0.0	0	442
8.0	2	12	0.0	0	443
9.0	2	6	0.0	0	444
10.0	2	5	0.0	0	445
11.0	2	5	0.0	0	446
12.0	2	5	0.0	0	447
13.0	2	5	0.0	0	448
14.0	2	5	0.0	0	449
15.0	2	5	0.0	0	450
16.0	2	5	0.0	0	451
17.0	2	5	0.0	0	452
18.0	2	5	0.0	0	453
19.0	2	5	0.0085	2	454
20.0	2	5	0.0	0	455
21.0	2	5	0.0	0	456
22.0	2	5	0.0	0	457
23.0	2	5	0.0043	1	458
0.0	2	5	0.0043	1	459
1.0	2	5	0.0043	1	460
2.0	2	5	0.0085	2	461
3.0	2	6	0.0043	1	462
4.0	2	5	0.0043	1	463
5.0	2	6	0.0043	1	464
6.0	2	6	0.0043	1	465
7.0	2	6	0.0	0	466
8.0	2	6	0.0	0	467
9.0	2	6	0.0	0	468
10.0	2	6	0.0	0	469
11.0	2	6	0.0	0	470
12.0	2	6	0.0	0	471
13.0	2	6	0.0	0	472
14.0	2	6	0.0	0	473
15.0	2	6	0.0	0	474
16.0	2	6	0.0	0	475
17.0	2	6	0.0	0	476
18.0	2	6	0.0	0	477
19.0	2	6	0.0085	2	478
20.0	2	6	0.0	0	479
21.0	2	6	0.0	0	480
22.0	2	6	0.0	0	481
23.0	2	6	0.0043	1	482
0.0	2	6	0.0	0	483
1.0	2	6	0.0043	1	484
2.0	2	6	0.0043	1	485
3.0	2	6	0.0043	1	486
4.0	2	6	0.0	0	487
5.0	2	6	0.0	0	488
6.0	2	6	0.0	0	489
7.0	2	6	0.0	0	490
8.0	2	6	0.0	0	491
9.0	2	6	0.0	0	492
10.0	2	6	0.0	0	493
11.0	2	6	0.0	0	494
12.0	2	6	0.0	0	495
13.0	2	6	0.0	0	496
14.0	2	6	0.0	0	497
15.0	2	6	0.0	0	498
16.0	2	6	0.0	0	499
17.0	2	6	0.0	0	500
18.0	2	6	0.0	0	501
19.0	2	6	0.0128	3	502
20.0	2	6	0.0	0	503
21.0	2	6	0.0	0	504
22.0	2	6	0.0	0	505
23.0	2	6	0.0043	1	506
0.0	2	6	0.0043	1	507
1.0	2	6	0.0043	1	508
2.0	2	6	0.0043	1	509
3.0	2	6	0.0043	1	510
4.0	2	6	0.0043	1	511
5.0	2	6	0.0	0	512
6.0	2	6	0.0043	1	513
21.23	2	6	0.0043	1	514
21.20	3	19	0.0105	10	1
22.0	3	6	0.0663	63	2
23.0	3	6	0.2811	267	3
0.0	3	6	0.4642	441	4
1.0	3	5	0.4916	467	5
2.0	3	6	0.4968	472	6
3.0	3	5	0.4474	425	7
4.0	3	5	0.2853	271	8
5.0	3	6	0.1495	142	9
6.0	3	6	0.0842	80	10
7.0	3	6	0.0432	41	11
8.0	3	6	0.0463	44	12
9.0	3	6	0.0316	30	13
10.0	3	6	0.0484	46	14
11.0	3	6	0.0379	36	15
12.0	3	6	0.0347	33	16
13.0	3	6	0.0442	42	17
14.0	3	6	0.0474	45	18
15.0	3	6	0.0758	72	19
16.0	3	6	0.0421	40	20
17.0	3	6	0.0126	12	21
18.0	3	6	0.0074	7	22
19.0	3	6	0.0116	11	23
20.0	3	6	0.0095	9	24
21.0	3	6	0.0274	26	25
22.0	3	6	0.0463	44	26
23.0	3	6	0.0474	45	27
0.0	3	3	0.1695	161	28
1.0	3	2	0.5011	476	29
2.0	3	1	0.8084	768	30
3.0	3	0	0.8958	851	31
4.0	3	0	0.8168	776	32
5.0	3	0	0.8011	761	33
6.0	3	0	0.76	722	34
7.0	3	0	0.8379	796	35
8.0	3	0	0.8011	761	36
9.0	3	0	0.8053	765	37
10.0	3	0	0.7579	720	38
11.0	3	0	0.6989	664	39
12.0	3	0	0.7547	717	40
13.0	3	0	0.7768	738	41
14.0	3	0	0.7832	744	42
15.0	3	0	0.8253	784	43
16.0	3	0	0.7811	742	44
17.0	3	0	0.7842	745	45
18.0	3	0	0.8011	761	46
19.0	3	0	0.7842	745	47
20.0	3	0	0.8116	771	48
21.0	3	0	0.82	779	49
22.0	3	0	0.8232	782	50
23.0	3	0	0.9168	871	51
0.0	3	0	0.9063	861	52
1.0	3	0	0.8811	837	53
2.0	3	0	0.9179	872	54
3.0	3	0	0.7305	694	55
4.0	3	0	0.7505	713	56
5.0	3	0	0.6284	597	57
6.0	3	0	0.4316	410	58
7.0	3	0	0.4926	468	59
8.0	3	0	0.6284	597	60
9.0	3	0	0.8137	773	61
10.0	3	0	0.8758	832	62
11.0	3	0	0.8926	848	63
12.0	3	0	0.8737	830	64
13.0	3	0	0.8589	816	65
14.0	3	0	0.8653	822	66
15.0	3	0	0.8284	787	67
16.0	3	0	0.8621	819	68
17.0	3	0	0.8189	778	69
18.0	3	0	0.8653	822	70
19.0	3	0	0.8853	841	71
20.0	3	0	0.8442	802	72
21.0	3	0	0.8147	774	73
22.0	3	0	0.8432	801	74
23.0	3	0	0.8863	842	75
0.0	3	0	0.9326	886	76
1.0	3	0	0.9442	897	77
2.0	3	0	0.9895	940	78
3.0	3	0	0.9558	908	79
4.0	3	0	0.9337	887	80
5.0	3	0	0.9737	925	81
6.0	3	0	0.9568	909	82
7.0	3	0	0.9632	915	83
8.0	3	0	0.9516	904	84
9.0	3	0	0.9453	898	85
10.0	3	0	0.9463	899	86
11.0	3	0	0.92	874	87
12.0	3	0	0.9168	871	88
13.0	3	0	0.8926	848	89
14.0	3	0	0.8958	851	90
15.0	3	0	0.8758	832	91
16.0	3	0	0.8526	810	92
17.0	3	0	0.8421	800	93
18.0	3	0	0.8411	799	94
19.0	3	0	0.7979	758	95
20.0	3	0	0.8211	780	96
21.0	3	0	0.54	513	97
22.0	3	0	0.4853	461	98
23.0	3	0	0.5095	484	99
0.0	3	0	0.4832	459	100
1.0	3	0	0.3116	296	101
2.0	3	0	0.1505	143	102
3.0	3	0	0.1274	121	103
4.0	3	0	0.12	114	104
5.0	3	0	0.2211	210	105
6.0	3	0	0.1979	188	106
7.0	3	0	0.1621	154	107
8.0	3	0	0.1768	168	108
9.0	3	0	0.5053	480	109
10.0	3	0	0.8663	823	110
11.0	3	0	0.8537	811	111
12.0	3	0	0.7716	733	112
13.0	3	0	0.7421	705	113
14.0	3	0	0.8063	766	114
15.0	3	0	0.8242	783	115
16.0	3	0	0.7968	757	116
17.0	3	0	0.7926	753	117
18.0	3	0	0.8211	780	118
19.0	3	0	0.7579	720	119
20.0	3	0	0.7768	738	120
21.0	3	0	0.7863	747	121
22.0	3	0	0.8568	814	122
23.0	3	0	0.8663	823	123
0.0	3	0	0.8211	780	124
1.0	3	0	0.7768	738	125
2.0	3	0	0.7579	720	126
3.0	3	0	0.7642	726	127
4.0	3	0	0.8642	821	128
5.0	3	0	0.7453	708	129
6.0	3	0	0.7789	740	130
7.0	3	0	0.8368	795	131
8.0	3	0	0.9389	892	132
9.0	3	0	0.9463	899	133
10.0	3	0	0.9663	918	134
11.0	3	0	0.9726	924	135
12.0	3	0	0.9558	908	136
13.0	3	0	0.88	836	137
14.0	3	0	0.8274	786	138
15.0	3	0	0.7621	724	139
16.0	3	0	0.7968	757	140
17.0	3	0	0.7284	692	141
18.0	3	0	0.6274	596	142
19.0	3	0	0.6347	603	143
20.0	3	0	0.5758	547	144
21.0	3	0	0.8158	775	145
22.0	3	0	0.9105	865	146
23.0	3	0	0.9611	913	147
0.0	3	0	0.9463	899	148
1.0	3	0	0.8653	822	149
2.0	3	0	0.5347	508	150
3.0	3	0	0.1958	186	151
4.0	3	0	0.1253	119	152
5.0	3	1	0.0421	40	153
6.0	3	2	0.0116	11	154
7.0	3	2	0.0368	35	155
8.0	3	2	0.1347	128	156
9.0	3	4	0.1653	157	157
10.0	3	5	0.3168	301	158
11.0	3	5	0.3284	312	159
12.0	3	5	0.2063	196	160
13.0	3	5	0.1916	182	161
14.0	3	1	0.4337	412	162
15.0	3	1	0.4211	400	163
16.0	3	1	0.4084	388	164
17.0	3	1	0.4895	465	165
18.0	3	1	0.5211	495	166
19.0	3	1	0.4895	465	167
20.0	3	1	0.5621	534	168
21.0	3	1	0.5	475	169
22.0	3	1	0.5874	558	170
23.0	3	0	0.9747	926	171
0.0	3	0	0.9684	920	172
1.0	3	0	0.9474	900	173
2.0	3	0	0.8905	846	174
3.0	3	1	0.9221	876	175
4.0	3	1	0.9389	892	176
5.0	3	1	0.9295	883	177
6.0	3	1	0.8968	852	178
7.0	3	1	0.9095	864	179
8.0	3	1	0.8705	827	180
9.0	3	1	0.7305	694	181
10.0	3	1	0.6063	576	182
11.0	3	1	0.3926	373	183
12.0	3	1	0.2105	200	184
13.0	3	1	0.1579	150	185
14.0	3	1	0.2126	202	186
15.0	3	1	0.1505	143	187
16.0	3	1	0.1632	155	188
17.0	3	1	0.1653	157	189
18.0	3	1	0.1768	168	190
19.0	3	1	0.2	190	191
20.0	3	1	0.1905	181	192
21.0	3	1	0.1716	163	193
22.0	3	1	0.1895	180	194
23.0	3	1	0.2042	194	195
0.0	3	1	0.4779	454	196
1.0	3	1	0.4232	402	197
2.0	3	1	0.2937	279	198
3.0	3	1	0.5895	560	199
4.0	3	1	0.5074	482	200
5.0	3	1	0.4526	430	201
6.0	3	1	0.6074	577	202
7.0	3	1	0.4863	462	203
8.0	3	1	0.3284	312	204
9.0	3	1	0.3474	330	205
10.0	3	1	0.4737	450	206
11.0	3	1	0.2768	263	207
12.0	3	1	0.2337	222	208
13.0	3	1	0.1495	142	209
14.0	3	1	0.1516	144	210
15.0	3	1	0.1705	162	211
16.0	3	1	0.1705	162	212
17.0	3	1	0.1874	178	213
18.0	3	1	0.1905	181	214
19.0	3	1	0.1789	170	215
20.0	3	1	0.1842	175	216
21.0	3	1	0.1947	185	217
22.0	3	1	0.2274	216	218
23.0	3	1	0.26	247	219
0.0	3	1	0.2558	243	220
1.0	3	1	0.3021	287	221
2.0	3	1	0.5337	507	222
3.0	3	1	0.5421	515	223
4.0	3	1	0.6116	581	224
5.0	3	1	0.6537	621	225
6.0	3	1	0.4947	470	226
7.0	3	1	0.4632	440	227
8.0	3	1	0.5421	515	228
9.0	3	1	0.4295	408	229
10.0	3	1	0.3126	297	230
11.0	3	1	0.2147	204	231
12.0	3	1	0.1768	168	232
13.0	3	1	0.1505	143	233
14.0	3	1	0.1726	164	234
15.0	3	1	0.1495	142	235
16.0	3	1	0.1495	142	236
17.0	3	1	0.1716	163	237
18.0	3	1	0.18	171	238
19.0	3	1	0.2305	219	239
20.0	3	1	0.3484	331	240
21.0	3	1	0.3547	337	241
22.0	3	1	0.2189	208	242
23.0	3	0	0.6526	620	243
0.0	3	0	0.9368	890	244
1.0	3	0	0.8358	794	245
2.0	3	0	0.4705	447	246
3.0	3	7	0.4242	403	247
4.0	3	8	0.2937	279	248
5.0	3	8	0.2526	240	249
6.0	3	8	0.2116	201	250
7.0	3	8	0.3389	322	251
8.0	3	8	0.1695	161	252
9.0	3	8	0.1432	136	253
10.0	3	8	0.1011	96	254
11.0	3	8	0.0937	89	255
12.0	3	8	0.0905	86	256
13.0	3	8	0.0979	93	257
14.0	3	8	0.1116	106	258
15.0	3	8	0.1211	115	259
16.0	3	8	0.0926	88	260
17.0	3	8	0.0821	78	261
18.0	3	8	0.1705	162	262
19.0	3	8	0.1305	124	263
20.0	3	8	0.1316	125	264
21.0	3	8	0.1611	153	265
22.0	3	8	0.1579	150	266
23.0	3	8	0.1526	145	267
0.0	3	8	0.1958	186	268
1.0	3	8	0.1147	109	269
2.0	3	8	0.1189	113	270
3.0	3	8	0.0632	60	271
4.0	3	8	0.0474	45	272
5.0	3	8	0.0389	37	273
6.0	3	8	0.0347	33	274
7.0	3	8	0.0368	35	275
8.0	3	8	0.0126	12	276
9.0	3	8	0.0074	7	277
10.0	3	8	0.0074	7	278
11.0	3	8	0.0084	8	279
12.0	3	8	0.0158	15	280
13.0	3	8	0.0474	45	281
14.0	3	8	0.06	57	282
15.0	3	8	0.0716	68	283
16.0	3	8	0.0821	78	284
17.0	3	8	0.0937	89	285
18.0	3	8	0.1368	130	286
19.0	3	8	0.0937	89	287
20.0	3	8	0.0811	77	288
21.0	3	8	0.0853	81	289
22.0	3	8	0.0863	82	290
23.0	3	8	0.1337	127	291
0.0	3	8	0.1537	146	292
1.0	3	8	0.1284	122	293
2.0	3	8	0.18	171	294
3.0	3	8	0.54	513	295
4.0	3	8	0.4305	409	296
5.0	3	8	0.2263	215	297
6.0	3	8	0.5337	507	298
7.0	3	8	0.62	589	299
8.0	3	8	0.1505	143	300
9.0	3	8	0.0853	81	301
10.0	3	8	0.0884	84	302
11.0	3	8	0.1063	101	303
12.0	3	8	0.0926	88	304
13.0	3	8	0.0853	81	305
14.0	3	8	0.0905	86	306
15.0	3	8	0.1137	108	307
16.0	3	8	0.1337	127	308
17.0	3	8	0.0874	83	309
18.0	3	8	0.1747	166	310
19.0	3	8	0.1305	124	311
20.0	3	8	0.1137	108	312
21.0	3	8	0.1295	123	313
22.0	3	8	0.1916	182	314
23.0	3	8	0.2874	273	315
0.0	3	8	0.3074	292	316
1.0	3	8	0.2	190	317
2.0	3	8	0.1484	141	318
3.0	3	8	0.3379	321	319
4.0	3	8	0.3074	292	320
5.0	3	8	0.3695	351	321
6.0	3	8	0.1926	183	322
7.0	3	8	0.1211	115	323
8.0	3	8	0.1095	104	324
9.0	3	8	0.0832	79	325
10.0	3	8	0.1063	101	326
11.0	3	8	0.0821	78	327
12.0	3	8	0.0916	87	328
13.0	3	8	0.1032	98	329
14.0	3	8	0.1116	106	330
15.0	3	8	0.1442	137	331
16.0	3	8	0.1821	173	332
17.0	3	8	0.1105	105	333
18.0	3	8	0.1137	108	334
19.0	3	8	0.0905	86	335
20.0	3	8	0.0842	80	336
21.0	3	8	0.0947	90	337
22.0	3	8	0.1116	106	338
23.0	3	8	0.1947	185	339
0.0	3	8	0.5411	514	340
1.0	3	8	0.7821	743	341
2.0	3	8	0.3232	307	342
3.0	3	8	0.1768	168	343
4.0	3	8	0.1789	170	344
5.0	3	8	0.0916	87	345
6.0	3	8	0.1	95	346
7.0	3	8	0.1063	101	347
8.0	3	8	0.0421	40	348
9.0	3	8	0.0463	44	349
10.0	3	8	0.04	38	350
11.0	3	8	0.0516	49	351
12.0	3	8	0.06	57	352
13.0	3	8	0.0526	50	353
14.0	3	8	0.0611	58	354
15.0	3	8	0.0579	55	355
16.0	3	8	0.0726	69	356
17.0	3	8	0.0663	63	357
18.0	3	8	0.0705	67	358
19.0	3	8	0.0653	62	359
20.0	3	8	0.08	76	360
21.0	3	8	0.0705	67	361
22.0	3	8	0.0684	65	362
23.0	3	8	0.0737	70	363
0.0	3	8	0.0579	55	364
1.0	3	8	0.0379	36	365
2.0	3	8	0.0379	36	366
3.0	3	8	0.0421	40	367
4.0	3	8	0.0463	44	368
5.0	3	8	0.0516	49	369
6.0	3	8	0.0389	37	370
7.0	3	8	0.0368	35	371
8.0	3	8	0.0379	36	372
9.0	3	8	0.0305	29	373
10.0	3	8	0.0274	26	374
11.0	3	8	0.0379	36	375
12.0	3	8	0.0484	46	376
13.0	3	8	0.0589	56	377
14.0	3	8	0.0547	52	378
15.0	3	8	0.0653	62	379
16.0	3	8	0.0537	51	380
17.0	3	8	0.0484	46	381
18.0	3	8	0.0463	44	382
19.0	3	8	0.0432	41	383
20.0	3	8	0.0421	40	384
21.0	3	8	0.0505	48	385
22.0	3	8	0.0453	43	386
23.0	3	8	0.06	57	387
0.0	3	8	0.0611	58	388
1.0	3	8	0.0611	58	389
2.0	3	8	0.0747	71	390
3.0	3	8	0.0768	73	391
4.0	3	8	0.0632	60	392
5.0	3	8	0.1253	119	393
6.0	3	8	0.1368	130	394
7.0	3	8	0.1011	96	395
8.0	3	8	0.0537	51	396
9.0	3	8	0.0516	49	397
10.0	3	8	0.0663	63	398
11.0	3	8	0.0663	63	399
12.0	3	8	0.06	57	400
13.0	3	8	0.0642	61	401
14.0	3	8	0.0632	60	402
15.0	3	8	0.0747	71	403
16.0	3	8	0.0884	84	404
17.0	3	8	0.0726	69	405
18.0	3	8	0.0821	78	406
19.0	3	8	0.1432	136	407
20.0	3	8	0.0779	74	408
21.0	3	8	0.1084	103	409
22.0	3	8	0.1642	156	410
23.0	3	8	0.2821	268	411
0.0	3	8	0.6116	581	412
1.0	3	8	0.6179	587	413
2.0	3	8	0.1895	180	414
3.0	3	8	0.1589	151	415
4.0	3	8	0.2263	215	416
5.0	3	8	0.1905	181	417
6.0	3	8	0.1705	162	418
7.0	3	8	0.0853	81	419
8.0	3	8	0.0768	73	420
9.0	3	8	0.0905	86	421
10.0	3	8	0.1768	168	422
11.0	3	8	0.2611	248	423
12.0	3	8	0.2253	214	424
13.0	3	8	0.2221	211	425
14.0	3	8	0.1989	189	426
15.0	3	8	0.2021	192	427
16.0	3	8	0.1968	187	428
17.0	3	8	0.1663	158	429
18.0	3	8	0.1863	177	430
19.0	3	8	0.16	152	431
20.0	3	8	0.1621	154	432
21.0	3	8	0.1526	145	433
22.0	3	8	0.1842	175	434
23.0	3	8	0.2316	220	435
0.0	3	8	0.1579	150	436
1.0	3	8	0.3916	372	437
2.0	3	8	0.2947	280	438
3.0	3	8	0.2263	215	439
4.0	3	8	0.1168	111	440
5.0	3	8	0.0937	89	441
6.0	3	8	0.02	19	442
7.0	3	8	0.0316	30	443
8.0	3	8	0.0137	13	444
9.0	3	8	0.0116	11	445
10.0	3	8	0.0105	10	446
11.0	3	8	0.0168	16	447
12.0	3	8	0.0242	23	448
13.0	3	8	0.0253	24	449
14.0	3	8	0.0389	37	450
15.0	3	8	0.04	38	451
16.0	3	8	0.0621	59	452
17.0	3	8	0.08	76	453
18.0	3	8	0.0979	93	454
19.0	3	8	0.1189	113	455
20.0	3	8	0.12	114	456
21.0	3	8	0.1221	116	457
22.0	3	8	0.1284	122	458
23.0	3	8	0.1242	118	459
0.0	3	8	0.0916	87	460
1.0	3	8	0.0737	70	461
2.0	3	8	0.0389	37	462
3.0	3	8	0.0505	48	463
4.0	3	8	0.0389	37	464
5.0	3	8	0.1516	144	465
6.0	3	8	0.0884	84	466
7.0	3	8	0.0695	66	467
8.0	3	8	0.1074	102	468
9.0	3	8	0.0726	69	469
10.0	3	8	0.3484	331	470
11.0	3	8	0.6284	597	471
12.0	3	8	0.4358	414	472
13.0	3	8	0.1989	189	473
14.0	3	8	0.1684	160	474
15.0	3	8	0.2863	272	475
16.0	3	8	0.3095	294	476
17.0	3	8	0.2768	263	477
18.0	3	8	0.28	266	478
19.0	3	8	0.1811	172	479
20.0	3	8	0.1074	102	480
21.0	3	8	0.1116	106	481
22.0	3	8	0.24	228	482
23.0	3	8	0.5074	482	483
0.0	3	8	0.7726	734	484
1.0	3	8	0.6632	630	485
2.0	3	8	0.1884	179	486
3.0	3	8	0.0947	90	487
4.0	3	8	0.0716	68	488
5.0	3	7	0.1116	106	489
6.0	3	7	0.0747	71	490
7.0	3	7	0.0442	42	491
8.0	3	7	0.0484	46	492
9.0	3	7	0.0442	42	493
10.0	3	7	0.0632	60	494
11.0	3	7	0.1	95	495
12.0	3	7	0.0768	73	496
13.0	3	7	0.0747	71	497
14.0	3	7	0.1	95	498
15.0	3	7	0.1221	116	499
16.0	3	7	0.1516	144	500
17.0	3	7	0.1411	134	501
18.0	3	7	0.1337	127	502
19.0	3	7	0.2074	197	503
20.0	3	7	0.1432	136	504
21.0	3	7	0.0968	92	505
22.0	3	7	0.1621	154	506
23.0	3	7	0.2821	268	507
0.0	3	7	0.5211	495	508
1.0	3	7	0.6558	623	509
2.0	3	7	0.8421	800	510
3.0	3	7	0.8063	766	511
4.0	3	7	0.7379	701	512
5.0	3	7	0.4326	411	513
22.0	4	10	0.0085	8	1
23.0	4	10	0.089	84	2
0.0	4	11	0.2256	213	3
1.0	4	11	0.2511	237	4
2.0	4	11	0.5233	494	5
3.0	4	11	0.6081	574	6
4.0	4	11	0.7214	681	7
5.0	4	10	0.7765	733	8
6.0	4	11	0.803	758	9
7.0	4	11	0.3242	306	10
8.0	4	11	0.1123	106	11
9.0	4	11	0.1547	146	12
10.0	4	10	0.1896	179	13
11.0	4	11	0.2903	274	14
12.0	4	11	0.1928	182	15
13.0	4	11	0.1367	129	16
14.0	4	11	0.1271	120	17
15.0	4	11	0.1155	109	18
16.0	4	11	0.0826	78	19
17.0	4	11	0.0445	42	20
18.0	4	11	0.036	34	21
19.0	4	11	0.0307	29	22
20.0	4	11	0.0477	45	23
21.0	4	11	0.0742	70	24
22.0	4	11	0.0763	72	25
23.0	4	11	0.0879	83	26
0.0	4	11	0.1006	95	27
1.0	4	11	0.1049	99	28
2.0	4	11	0.1631	154	29
3.0	4	11	0.2606	246	30
4.0	4	11	0.3379	319	31
5.0	4	10	0.5943	561	32
6.0	4	10	0.9195	868	33
7.0	4	10	0.911	860	34
8.0	4	9	0.8623	814	35
9.0	4	8	0.7479	706	36
10.0	4	8	0.5689	537	37
11.0	4	7	0.6896	651	38
12.0	4	7	0.7436	702	39
13.0	4	8	0.7002	661	40
14.0	4	8	0.6589	622	41
15.0	4	8	0.5773	545	42
16.0	4	8	0.5064	478	43
17.0	4	8	0.2373	224	44
18.0	4	8	0.1992	188	45
19.0	4	8	0.1875	177	46
20.0	4	8	0.2044	193	47
21.0	4	8	0.2203	208	48
22.0	4	8	0.2468	233	49
23.0	4	8	0.4852	458	50
0.0	4	8	0.7034	664	51
1.0	4	8	0.8072	762	52
2.0	4	8	0.8358	789	53
3.0	4	8	0.8888	839	54
4.0	4	8	0.9153	864	55
5.0	4	8	0.8877	838	56
6.0	4	8	0.8994	849	57
7.0	4	8	0.9449	892	58
8.0	4	8	0.9057	855	59
9.0	4	8	0.9004	850	60
10.0	4	8	0.8771	828	61
11.0	4	8	0.91	859	62
12.0	4	8	0.8972	847	63
13.0	4	8	0.822	776	64
14.0	4	8	0.7373	696	65
15.0	4	8	0.6642	627	66
16.0	4	8	0.661	624	67
17.0	4	8	0.6472	611	68
18.0	4	8	0.679	641	69
19.0	4	8	0.5064	478	70
20.0	4	9	0.482	455	71
21.0	4	9	0.6208	586	72
22.0	4	9	0.804	759	73
23.0	4	7	0.6409	605	74
0.0	4	5	0.5212	492	75
1.0	4	4	0.6006	567	76
2.0	4	4	0.6864	648	77
3.0	4	4	0.7331	692	78
4.0	4	6	0.8517	804	79
5.0	4	8	0.9195	868	80
6.0	4	7	0.928	876	81
7.0	4	7	0.9258	874	82
8.0	4	8	0.9184	867	83
9.0	4	8	0.8655	817	84
10.0	4	8	0.8273	781	85
11.0	4	8	0.8845	835	86
12.0	4	8	0.8708	822	87
13.0	4	8	0.7023	663	88
14.0	4	8	0.3337	315	89
15.0	4	8	0.2214	209	90
16.0	4	8	0.1875	177	91
17.0	4	8	0.2299	217	92
18.0	4	8	0.2193	207	93
19.0	4	8	0.2913	275	94
20.0	4	8	0.2097	198	95
21.0	4	8	0.1949	184	96
22.0	4	8	0.1949	184	97
23.0	4	8	0.2023	191	98
0.0	4	8	0.2235	211	99
1.0	4	8	0.3114	294	100
2.0	4	8	0.4417	417	101
3.0	4	8	0.518	489	102
4.0	4	8	0.3867	365	103
5.0	4	8	0.2807	265	104
6.0	4	8	0.5508	520	105
7.0	4	8	0.6992	660	106
8.0	4	8	0.535	505	107
9.0	4	9	0.411	388	108
10.0	4	9	0.1949	184	109
11.0	4	9	0.1494	141	110
12.0	4	9	0.1621	153	111
13.0	4	9	0.1017	96	112
14.0	4	9	0.0953	90	113
15.0	4	9	0.0763	72	114
16.0	4	9	0.0318	30	115
17.0	4	9	0.0286	27	116
18.0	4	9	0.0403	38	117
19.0	4	9	0.0328	31	118
20.0	4	9	0.036	34	119
21.0	4	9	0.0403	38	120
22.0	4	9	0.0689	65	121
23.0	4	9	0.1006	95	122
0.0	4	8	0.3845	363	123
1.0	4	8	0.6388	603	124
2.0	4	8	0.3856	364	125
3.0	4	8	0.4428	418	126
4.0	4	8	0.5614	530	127
5.0	4	8	0.7172	677	128
6.0	4	8	0.5572	526	129
7.0	4	8	0.4036	381	130
8.0	4	8	0.4407	416	131
9.0	4	8	0.7161	676	132
10.0	4	8	0.6992	660	133
11.0	4	8	0.768	725	134
12.0	4	8	0.6176	583	135
13.0	4	8	0.3369	318	136
14.0	4	8	0.1028	97	137
15.0	4	8	0.0805	76	138
16.0	4	8	0.071	67	139
17.0	4	8	0.09	85	140
18.0	4	8	0.0922	87	141
19.0	4	8	0.0943	89	142
20.0	4	8	0.0964	91	143
21.0	4	8	0.0911	86	144
22.0	4	8	0.1155	109	145
23.0	4	8	0.1494	141	146
0.0	4	8	0.197	186	147
1.0	4	8	0.285	269	148
2.0	4	8	0.2108	199	149
3.0	4	8	0.0773	73	150
4.0	4	8	0.0646	61	151
5.0	4	8	0.0794	75	152
6.0	4	9	0.1112	105	153
7.0	4	13	0.1653	156	154
8.0	4	13	0.1292	122	155
9.0	4	13	0.1367	129	156
10.0	4	13	0.1388	131	157
11.0	4	12	0.1345	127	158
12.0	4	7	0.232	219	159
13.0	4	8	0.1896	179	160
14.0	4	8	0.1441	136	161
15.0	4	8	0.1451	137	162
16.0	4	8	0.1398	132	163
17.0	4	8	0.1271	120	164
18.0	4	8	0.1472	139	165
19.0	4	8	0.1229	116	166
20.0	4	8	0.1303	123	167
21.0	4	8	0.1282	121	168
22.0	4	8	0.1356	128	169
23.0	4	8	0.1017	96	170
0.0	4	8	0.0964	91	171
1.0	4	8	0.0953	90	172
2.0	4	8	0.0943	89	173
3.0	4	8	0.0985	93	174
4.0	4	8	0.1197	113	175
5.0	4	8	0.1133	107	176
6.0	4	8	0.1208	114	177
7.0	4	8	0.1218	115	178
8.0	4	8	0.0975	92	179
9.0	4	8	0.089	84	180
10.0	4	8	0.0837	79	181
11.0	4	8	0.0826	78	182
12.0	4	8	0.0794	75	183
13.0	4	8	0.0752	71	184
14.0	4	8	0.0794	75	185
15.0	4	8	0.0784	74	186
16.0	4	8	0.0794	75	187
17.0	4	8	0.0805	76	188
18.0	4	8	0.0826	78	189
19.0	4	8	0.0805	76	190
20.0	4	8	0.0826	78	191
21.0	4	8	0.0794	75	192
22.0	4	8	0.0816	77	193
23.0	4	8	0.0869	82	194
0.0	4	8	0.0879	83	195
1.0	4	8	0.0742	70	196
2.0	4	8	0.0773	73	197
3.0	4	8	0.0805	76	198
4.0	4	8	0.0784	74	199
5.0	4	8	0.0763	72	200
6.0	4	8	0.0816	77	201
7.0	4	8	0.0784	74	202
8.0	4	8	0.072	68	203
9.0	4	8	0.0742	70	204
10.0	4	8	0.0752	71	205
11.0	4	8	0.0784	74	206
12.0	4	8	0.0816	77	207
13.0	4	8	0.0869	82	208
14.0	4	8	0.0858	81	209
15.0	4	8	0.09	85	210
16.0	4	8	0.0911	86	211
17.0	4	8	0.0932	88	212
18.0	4	8	0.0922	87	213
19.0	4	8	0.0922	87	214
20.0	4	8	0.0922	87	215
21.0	4	8	0.0953	90	216
22.0	4	8	0.1049	99	217
23.0	4	8	0.1123	106	218
0.0	4	8	0.1186	112	219
1.0	4	8	0.1303	123	220
2.0	4	8	0.1314	124	221
3.0	4	8	0.1197	113	222
4.0	4	8	0.1208	114	223
5.0	4	8	0.1144	108	224
6.0	4	8	0.1091	103	225
7.0	4	8	0.1059	100	226
8.0	4	8	0.0996	94	227
9.0	4	8	0.0922	87	228
10.0	4	8	0.0922	87	229
11.0	4	8	0.0911	86	230
12.0	4	8	0.0879	83	231
13.0	4	8	0.0858	81	232
14.0	4	8	0.0932	88	233
15.0	4	8	0.0953	90	234
16.0	4	8	0.0869	82	235
17.0	4	8	0.0847	80	236
18.0	4	8	0.1144	108	237
19.0	4	8	0.1081	102	238
20.0	4	8	0.1409	133	239
21.0	4	8	0.0826	78	240
22.0	4	8	0.0392	37	241
23.0	4	8	0.0403	38	242
0.0	4	8	0.0424	40	243
1.0	4	8	0.0445	42	244
2.0	4	8	0.0445	42	245
3.0	4	15	0.4523	427	246
4.0	4	16	0.5816	549	247
5.0	4	16	0.7405	699	248
6.0	4	16	0.6557	619	249
7.0	4	16	0.3379	319	250
8.0	4	16	0.2129	201	251
9.0	4	16	0.179	169	252
10.0	4	16	0.1621	153	253
11.0	4	16	0.1525	144	254
12.0	4	16	0.161	152	255
13.0	4	16	0.2553	241	256
14.0	4	16	0.6536	617	257
15.0	4	16	0.8061	761	258
16.0	4	16	0.8093	764	259
17.0	4	16	0.8189	773	260
18.0	4	16	0.8824	833	261
19.0	4	16	0.9248	873	262
20.0	4	16	0.9343	882	263
21.0	4	16	0.9354	883	264
22.0	4	16	0.9258	874	265
23.0	4	16	0.9322	880	266
0.0	4	16	0.965	911	267
1.0	4	16	0.9778	923	268
2.0	4	16	0.9788	924	269
3.0	4	15	0.9735	919	270
4.0	4	14	0.965	911	271
5.0	4	14	0.9682	914	272
6.0	4	14	0.9756	921	273
7.0	4	14	0.9608	907	274
8.0	4	14	0.9597	906	275
9.0	4	14	0.9534	900	276
10.0	4	14	0.9682	914	277
11.0	4	14	0.965	911	278
12.0	4	14	0.9513	898	279
13.0	4	14	0.9301	878	280
14.0	4	14	0.9311	879	281
15.0	4	14	0.9258	874	282
16.0	4	14	0.9248	873	283
17.0	4	14	0.8803	831	284
18.0	4	14	0.8644	816	285
19.0	4	14	0.8941	844	286
20.0	4	14	0.9269	875	287
21.0	4	14	0.9333	881	288
22.0	4	14	0.9333	881	289
23.0	4	14	0.9386	886	290
0.0	4	14	0.9481	895	291
1.0	4	14	0.9301	878	292
2.0	4	14	0.9258	874	293
3.0	4	14	0.9502	897	294
4.0	4	14	0.9714	917	295
5.0	4	14	0.9714	917	296
6.0	4	14	0.9597	906	297
7.0	4	14	0.9576	904	298
8.0	4	14	0.9184	867	299
9.0	4	14	0.9036	853	300
10.0	4	14	0.8803	831	301
11.0	4	14	0.8591	811	302
12.0	4	14	0.8623	814	303
13.0	4	14	0.8475	800	304
14.0	4	14	0.8316	785	305
15.0	4	14	0.8019	757	306
16.0	4	14	0.6981	659	307
17.0	4	14	0.5816	549	308
18.0	4	14	0.7161	676	309
19.0	4	14	0.8347	788	310
20.0	4	14	0.8485	801	311
21.0	4	14	0.8549	807	312
22.0	4	14	0.8898	840	313
23.0	4	14	0.9057	855	314
0.0	4	13	0.9449	892	315
1.0	4	12	0.9619	908	316
2.0	4	12	0.9799	925	317
3.0	4	11	0.9831	928	318
4.0	4	11	0.9799	925	319
5.0	4	11	0.9831	928	320
6.0	4	11	0.9841	929	321
7.0	4	11	0.9746	920	322
8.0	4	11	0.9513	898	323
9.0	4	11	0.9481	895	324
10.0	4	11	0.9502	897	325
11.0	4	11	0.9534	900	326
12.0	4	11	0.9534	900	327
13.0	4	11	0.9375	885	328
14.0	4	11	0.9333	881	329
15.0	4	11	0.9428	890	330
16.0	4	11	0.9417	889	331
17.0	4	11	0.9121	861	332
18.0	4	11	0.8718	823	333
19.0	4	11	0.893	843	334
20.0	4	11	0.9068	856	335
21.0	4	11	0.9047	854	336
22.0	4	11	0.839	792	337
23.0	4	11	0.6123	578	338
0.0	4	11	0.5508	520	339
1.0	4	11	0.7617	719	340
2.0	4	11	0.929	877	341
3.0	4	12	0.9587	905	342
4.0	4	12	0.9608	907	343
5.0	4	12	0.9449	892	344
6.0	4	12	0.9386	886	345
7.0	4	12	0.8867	837	346
8.0	4	12	0.7161	676	347
9.0	4	12	0.5731	541	348
10.0	4	12	0.4523	427	349
11.0	4	12	0.4544	429	350
12.0	4	12	0.4375	413	351
13.0	4	12	0.4661	440	352
14.0	4	12	0.4735	447	353
15.0	4	12	0.447	422	354
16.0	4	12	0.4449	420	355
17.0	4	12	0.4354	411	356
18.0	4	12	0.4693	443	357
19.0	4	12	0.5169	488	358
20.0	4	12	0.5879	555	359
21.0	4	12	0.6483	612	360
22.0	4	12	0.6864	648	361
23.0	4	12	0.6981	659	362
0.0	4	12	0.7097	670	363
1.0	4	12	0.6843	646	364
2.0	4	12	0.7606	718	365
3.0	4	12	0.7362	695	366
4.0	4	12	0.7765	733	367
5.0	4	12	0.7341	693	368
6.0	4	12	0.6515	615	369
7.0	4	12	0.4958	468	370
8.0	4	12	0.3867	365	371
9.0	4	12	0.3856	364	372
10.0	4	12	0.3549	335	373
11.0	4	12	0.2977	281	374
12.0	4	12	0.286	270	375
13.0	4	12	0.3008	284	376
14.0	4	12	0.3496	330	377
15.0	4	12	0.2977	281	378
16.0	4	12	0.2892	273	379
17.0	4	12	0.2648	250	380
18.0	4	12	0.2521	238	381
19.0	4	12	0.2331	220	382
20.0	4	12	0.2564	242	383
21.0	4	12	0.2659	251	384
22.0	4	12	0.3464	327	385
23.0	4	12	0.4407	416	386
0.0	4	12	0.4492	424	387
1.0	4	12	0.6292	594	388
2.0	4	12	0.84	793	389
3.0	4	12	0.9025	852	390
4.0	4	12	0.929	877	391
5.0	4	12	0.9364	884	392
6.0	4	12	0.9089	858	393
7.0	4	12	0.8792	830	394
8.0	4	12	0.929	877	395
9.0	4	12	0.928	876	396
10.0	4	12	0.9364	884	397
11.0	4	12	0.9407	888	398
12.0	4	12	0.9258	874	399
13.0	4	12	0.9258	874	400
14.0	4	12	0.9322	880	401
15.0	4	12	0.9333	881	402
16.0	4	12	0.9375	885	403
17.0	4	12	0.9121	861	404
18.0	4	12	0.8803	831	405
19.0	4	12	0.8888	839	406
20.0	4	12	0.8972	847	407
21.0	4	12	0.8962	846	408
22.0	4	12	0.9078	857	409
23.0	4	12	0.9428	890	410
0.0	4	12	0.9746	920	411
1.0	4	12	0.9841	929	412
2.0	4	12	0.9905	935	413
3.0	4	12	0.9926	937	414
4.0	4	12	0.9894	934	415
5.0	4	12	0.9926	937	416
6.0	4	12	0.9926	937	417
7.0	4	12	0.9915	936	418
8.0	4	12	0.9778	923	419
9.0	4	14	0.9672	913	420
10.0	4	14	0.9788	924	421
11.0	4	14	0.9926	937	422
12.0	4	14	0.9894	934	423
13.0	4	14	0.9841	929	424
14.0	4	14	0.9809	926	425
15.0	4	14	0.9756	921	426
16.0	4	14	0.9735	919	427
17.0	4	14	0.9693	915	428
18.0	4	14	0.9502	897	429
19.0	4	14	0.9735	919	430
20.0	4	14	0.9725	918	431
21.0	4	14	0.9714	917	432
22.0	4	14	0.9767	922	433
23.0	4	14	0.9841	929	434
0.0	4	14	0.9852	930	435
1.0	4	14	0.9915	936	436
2.0	4	14	0.9841	929	437
3.0	4	14	0.9735	919	438
4.0	4	14	0.9862	931	439
5.0	4	14	0.9894	934	440
6.0	4	14	0.9778	923	441
7.0	4	14	0.982	927	442
8.0	4	14	0.9778	923	443
9.0	4	14	0.964	910	444
10.0	4	14	0.9799	925	445
11.0	4	14	0.9926	937	446
12.0	4	14	0.9873	932	447
13.0	4	14	0.9873	932	448
14.0	4	14	0.9862	931	449
15.0	4	14	0.9841	929	450
16.0	4	14	0.9746	920	451
17.0	4	14	0.9661	912	452
18.0	4	14	0.9608	907	453
19.0	4	14	0.9258	874	454
20.0	4	14	0.9015	851	455
21.0	4	14	0.9121	861	456
22.0	4	14	0.9661	912	457
23.0	4	14	0.9682	914	458
0.0	4	14	0.9809	926	459
1.0	4	14	0.9841	929	460
2.0	4	15	0.9841	929	461
3.0	4	16	0.9778	923	462
4.0	4	16	0.9703	916	463
5.0	4	17	0.982	927	464
6.0	4	17	0.982	927	465
7.0	4	17	0.9852	930	466
8.0	4	16	0.9799	925	467
9.0	4	15	0.9841	929	468
10.0	4	16	0.9915	936	469
11.0	4	16	0.9915	936	470
12.0	4	16	0.9915	936	471
13.0	4	16	0.9905	935	472
14.0	4	16	0.9852	930	473
15.0	4	16	0.9788	924	474
16.0	4	16	0.9661	912	475
17.0	4	16	0.9661	912	476
18.0	4	16	0.9492	896	477
19.0	4	16	0.9492	896	478
20.0	4	16	0.9587	905	479
21.0	4	16	0.9544	901	480
22.0	4	16	0.964	910	481
23.0	4	16	0.9841	929	482
0.0	4	15	0.9831	928	483
1.0	4	12	0.9915	936	484
2.0	4	13	0.9894	934	485
3.0	4	13	0.9852	930	486
4.0	4	12	0.9809	926	487
5.0	4	12	0.982	927	488
6.0	4	12	0.9799	925	489
7.0	4	12	0.9873	932	490
8.0	4	12	0.9883	933	491
9.0	4	13	0.9778	923	492
10.0	4	12	0.9672	913	493
11.0	4	13	0.9502	897	494
12.0	4	13	0.8814	832	495
13.0	4	13	0.5636	532	496
14.0	4	13	0.4492	424	497
15.0	4	13	0.4428	418	498
16.0	4	13	0.3919	370	499
17.0	4	13	0.5	472	500
18.0	4	13	0.7744	731	501
19.0	4	13	0.9068	856	502
20.0	4	13	0.9407	888	503
21.0	4	13	0.9597	906	504
22.0	4	13	0.9492	896	505
23.0	4	13	0.946	893	506
0.0	4	13	0.9693	915	507
1.0	4	13	0.9767	922	508
2.0	4	13	0.9767	922	509
3.0	4	13	0.9682	914	510
4.0	4	13	0.9831	928	511
5.0	4	13	0.9894	934	512
21.18	4	13	0.9767	922	513
7.40	5	2	0.029	7	1
8.0	5	4	0.0	0	2
9.0	5	3	0.0041	1	3
10.0	5	4	0.0041	1	4
11.0	5	4	0.0041	1	5
12.0	5	4	0.0041	1	6
13.0	5	3	0.0041	1	7
14.0	5	4	0.0	0	8
15.0	5	4	0.0	0	9
16.0	5	4	0.0	0	10
17.0	5	3	0.0	0	11
18.0	5	3	0.0	0	12
19.0	5	3	0.0	0	13
20.0	5	3	0.0	0	14
21.0	5	3	0.0	0	15
22.0	5	3	0.0	0	16
23.0	5	3	0.0	0	17
0.0	5	3	0.0	0	18
1.0	5	3	0.0	0	19
2.0	5	3	0.0	0	20
3.0	5	3	0.0	0	21
4.0	5	3	0.0	0	22
5.0	5	3	0.0	0	23
6.0	5	3	0.0	0	24
7.0	5	3	0.0	0	25
8.0	5	3	0.0	0	26
9.0	5	3	0.0	0	27
10.0	5	3	0.0	0	28
11.0	5	4	0.0	0	29
12.0	5	3	0.0	0	30
13.0	5	4	0.0	0	31
14.0	5	4	0.0	0	32
15.0	5	3	0.0	0	33
16.0	5	3	0.0	0	34
17.0	5	3	0.0	0	35
18.0	5	3	0.0	0	36
19.0	5	3	0.0	0	37
20.0	5	3	0.0	0	38
21.0	5	3	0.0	0	39
22.0	5	3	0.0	0	40
23.0	5	3	0.0	0	41
0.0	5	3	0.0	0	42
1.0	5	3	0.0	0	43
2.0	5	3	0.0	0	44
3.0	5	3	0.0	0	45
4.0	5	3	0.0	0	46
5.0	5	3	0.0	0	47
6.0	5	3	0.0	0	48
7.0	5	3	0.0	0	49
8.0	5	3	0.0	0	50
9.0	5	3	0.0	0	51
10.0	5	4	0.0	0	52
11.0	5	3	0.0	0	53
12.0	5	4	0.0	0	54
13.0	5	4	0.0	0	55
14.0	5	4	0.0	0	56
15.0	5	4	0.0	0	57
16.0	5	3	0.0041	1	58
17.0	5	4	0.0041	1	59
18.0	5	3	0.0	0	60
19.0	5	3	0.0	0	61
20.0	5	4	0.0	0	62
21.0	5	4	0.0	0	63
22.0	5	3	0.0	0	64
23.0	5	3	0.0	0	65
0.0	5	4	0.0	0	66
1.0	5	4	0.0	0	67
2.0	5	4	0.0041	1	68
3.0	5	4	0.0	0	69
4.0	5	4	0.0	0	70
5.0	5	4	0.0083	2	71
6.0	5	4	0.0	0	72
7.0	5	4	0.0	0	73
8.0	5	4	0.0	0	74
9.0	5	4	0.0	0	75
10.0	5	4	0.0	0	76
11.0	5	4	0.0	0	77
12.0	5	3	0.0	0	78
13.0	5	3	0.0041	1	79
14.0	5	3	0.0041	1	80
15.0	5	4	0.0041	1	81
16.0	5	4	0.0	0	82
17.0	5	4	0.0041	1	83
18.0	5	3	0.0041	1	84
19.0	5	3	0.0	0	85
20.0	5	4	0.0	0	86
21.0	5	3	0.0	0	87
22.0	5	3	0.0041	1	88
23.0	5	4	0.0041	1	89
0.0	5	4	0.0041	1	90
1.0	5	4	0.0	0	91
2.0	5	4	0.0041	1	92
3.0	5	4	0.0	0	93
4.0	5	4	0.0	0	94
5.0	5	4	0.0	0	95
6.0	5	4	0.0041	1	96
7.0	5	4	0.0041	1	97
8.0	5	4	0.0	0	98
9.0	5	4	0.0	0	99
10.0	5	4	0.0	0	100
11.0	5	4	0.0	0	101
12.0	5	4	0.0041	1	102
13.0	5	4	0.0	0	103
14.0	5	4	0.0	0	104
15.0	5	4	0.0	0	105
16.0	5	4	0.0	0	106
17.0	5	4	0.0	0	107
18.0	5	4	0.0	0	108
19.0	5	4	0.0	0	109
20.0	5	4	0.0	0	110
21.0	5	4	0.0	0	111
22.0	5	3	0.0	0	112
23.0	5	3	0.0	0	113
0.0	5	4	0.0	0	114
1.0	5	4	0.0	0	115
2.0	5	4	0.0041	1	116
3.0	5	4	0.0	0	117
4.0	5	4	0.0	0	118
5.0	5	4	0.0	0	119
6.0	5	4	0.0083	2	120
7.0	5	4	0.0	0	121
8.0	5	4	0.0	0	122
9.0	5	4	0.0	0	123
10.0	5	4	0.0041	1	124
11.0	5	4	0.0	0	125
12.0	5	4	0.0	0	126
13.0	5	4	0.0041	1	127
14.0	5	4	0.0041	1	128
15.0	5	4	0.0	0	129
16.0	5	4	0.0	0	130
17.0	5	4	0.0	0	131
18.0	5	3	0.0	0	132
19.0	5	3	0.0	0	133
20.0	5	3	0.0	0	134
21.0	5	3	0.0	0	135
22.0	5	3	0.0	0	136
23.0	5	3	0.0	0	137
0.0	5	4	0.0	0	138
1.0	5	4	0.0	0	139
2.0	5	4	0.0041	1	140
3.0	5	4	0.0	0	141
4.0	5	4	0.0	0	142
5.0	5	4	0.0	0	143
6.0	5	4	0.0	0	144
7.0	5	4	0.0	0	145
8.0	5	4	0.0	0	146
9.0	5	4	0.0	0	147
10.0	5	2	0.0	0	148
11.0	5	2	0.0	0	149
12.0	5	2	0.0041	1	150
13.0	5	2	0.0	0	151
14.0	5	2	0.0	0	152
15.0	5	2	0.0	0	153
16.0	5	2	0.0	0	154
17.0	5	2	0.0	0	155
18.0	5	2	0.0	0	156
19.0	5	3	0.0	0	157
20.0	5	3	0.0	0	158
21.0	5	3	0.0	0	159
22.0	5	3	0.0	0	160
23.0	5	2	0.0	0	161
0.0	5	3	0.0	0	162
1.0	5	3	0.0	0	163
2.0	5	3	0.0	0	164
3.0	5	3	0.0	0	165
4.0	5	3	0.0	0	166
5.0	5	3	0.0041	1	167
6.0	5	3	0.0	0	168
7.0	5	3	0.0	0	169
8.0	5	3	0.0	0	170
9.0	5	3	0.0	0	171
10.0	5	2	0.0	0	172
11.0	5	2	0.0	0	173
12.0	5	2	0.0	0	174
13.0	5	2	0.0	0	175
14.0	5	2	0.0	0	176
15.0	5	2	0.0	0	177
16.0	5	2	0.0	0	178
17.0	5	2	0.0	0	179
18.0	5	2	0.0	0	180
19.0	5	2	0.0041	1	181
20.0	5	2	0.0	0	182
21.0	5	2	0.0	0	183
22.0	5	2	0.0	0	184
23.0	5	2	0.0	0	185
0.0	5	2	0.0	0	186
1.0	5	2	0.0	0	187
2.0	5	2	0.0	0	188
3.0	5	2	0.0	0	189
4.0	5	2	0.0	0	190
5.0	5	2	0.0	0	191
6.0	5	2	0.0	0	192
7.0	5	2	0.0	0	193
8.0	5	2	0.0	0	194
9.0	5	2	0.0	0	195
10.0	5	2	0.0	0	196
11.0	5	2	0.0	0	197
12.0	5	2	0.0	0	198
13.0	5	2	0.0	0	199
14.0	5	2	0.0	0	200
15.0	5	2	0.0	0	201
16.0	5	2	0.0	0	202
17.0	5	2	0.0	0	203
18.0	5	2	0.0	0	204
19.0	5	2	0.0	0	205
20.0	5	2	0.0	0	206
21.0	5	2	0.0	0	207
22.0	5	2	0.0	0	208
23.0	5	2	0.0	0	209
0.0	5	2	0.0	0	210
1.0	5	2	0.0	0	211
2.0	5	2	0.0	0	212
3.0	5	2	0.0	0	213
4.0	5	2	0.0	0	214
5.0	5	2	0.0	0	215
6.0	5	2	0.0	0	216
7.0	5	2	0.0	0	217
8.0	5	2	0.0	0	218
9.0	5	2	0.0	0	219
10.0	5	2	0.0	0	220
11.0	5	2	0.0	0	221
12.0	5	2	0.0	0	222
13.0	5	2	0.0	0	223
14.0	5	2	0.0	0	224
15.0	5	2	0.0	0	225
16.0	5	2	0.0	0	226
17.0	5	2	0.0	0	227
18.0	5	2	0.0	0	228
19.0	5	2	0.0	0	229
20.0	5	2	0.0	0	230
21.0	5	2	0.0	0	231
22.0	5	2	0.0	0	232
23.0	5	2	0.0	0	233
0.0	5	2	0.0	0	234
1.0	5	2	0.0	0	235
2.0	5	2	0.0	0	236
3.0	5	2	0.0	0	237
4.0	5	2	0.0	0	238
5.0	5	2	0.0	0	239
6.0	5	2	0.0	0	240
7.0	5	2	0.0	0	241
8.0	5	2	0.1452	35	242
9.0	5	2	0.0	0	243
10.0	5	2	0.0041	1	244
11.0	5	2	0.0	0	245
12.0	5	1	0.0	0	246
13.0	5	0	0.0	0	247
14.0	5	2	0.0041	1	248
15.0	5	2	0.0	0	249
16.0	5	2	0.0	0	250
17.0	5	2	0.0	0	251
18.0	5	2	0.0	0	252
19.0	5	3	0.0	0	253
20.0	5	3	0.0	0	254
21.0	5	3	0.0	0	255
22.0	5	3	0.0	0	256
23.0	5	3	0.0	0	257
0.0	5	3	0.0	0	258
1.0	5	3	0.0	0	259
2.0	5	3	0.0	0	260
3.0	5	3	0.0	0	261
4.0	5	3	0.0	0	262
5.0	5	3	0.0249	6	263
6.0	5	3	0.0	0	264
7.0	5	3	0.0	0	265
8.0	5	3	0.0	0	266
9.0	5	3	0.0	0	267
10.0	5	3	0.0	0	268
11.0	5	1	0.0	0	269
12.0	5	2	0.0	0	270
13.0	5	1	0.0	0	271
14.0	5	1	0.0	0	272
15.0	5	0	0.0041	1	273
16.0	5	3	0.0	0	274
17.0	5	3	0.0	0	275
18.0	5	3	0.0	0	276
19.0	5	3	0.0	0	277
20.0	5	3	0.0	0	278
21.0	5	3	0.0	0	279
22.0	5	3	0.0	0	280
23.0	5	3	0.0	0	281
0.0	5	3	0.0	0	282
1.0	5	3	0.0	0	283
2.0	5	3	0.0	0	284
3.0	5	3	0.0	0	285
4.0	5	3	0.0	0	286
5.0	5	3	0.0207	5	287
6.0	5	3	0.0	0	288
7.0	5	3	0.0	0	289
8.0	5	3	0.0	0	290
9.0	5	3	0.0	0	291
10.0	5	3	0.0	0	292
11.0	5	3	0.0	0	293
12.0	5	3	0.0	0	294
13.0	5	3	0.0041	1	295
14.0	5	3	0.0	0	296
15.0	5	3	0.0041	1	297
16.0	5	3	0.0	0	298
17.0	5	3	0.0041	1	299
18.0	5	3	0.0	0	300
19.0	5	3	0.0	0	301
20.0	5	3	0.0	0	302
21.0	5	3	0.0	0	303
22.0	5	3	0.0	0	304
23.0	5	3	0.0	0	305
0.0	5	3	0.0	0	306
1.0	5	3	0.0	0	307
2.0	5	3	0.0	0	308
3.0	5	3	0.0	0	309
4.0	5	3	0.0	0	310
5.0	5	3	0.0	0	311
6.0	5	3	0.0	0	312
7.0	5	3	0.0	0	313
8.0	5	3	0.0	0	314
9.0	5	3	0.0	0	315
10.0	5	3	0.0	0	316
11.0	5	3	0.0	0	317
12.0	5	3	0.0041	1	318
13.0	5	3	0.0	0	319
14.0	5	3	0.0	0	320
15.0	5	3	0.0	0	321
16.0	5	3	0.0	0	322
17.0	5	3	0.0	0	323
18.0	5	3	0.0	0	324
19.0	5	3	0.0	0	325
20.0	5	3	0.0	0	326
21.0	5	3	0.0	0	327
22.0	5	3	0.0	0	328
23.0	5	3	0.0	0	329
0.0	5	3	0.0	0	330
1.0	5	3	0.0	0	331
2.0	5	3	0.0	0	332
3.0	5	3	0.0	0	333
4.0	5	3	0.0	0	334
5.0	5	3	0.0207	5	335
6.0	5	3	0.0	0	336
7.0	5	3	0.0	0	337
8.0	5	3	0.0	0	338
9.0	5	3	0.0	0	339
10.0	5	3	0.0	0	340
11.0	5	3	0.0	0	341
12.0	5	3	0.0	0	342
13.0	5	3	0.0	0	343
14.0	5	3	0.0	0	344
15.0	5	3	0.0	0	345
16.0	5	3	0.0	0	346
17.0	5	3	0.0	0	347
18.0	5	3	0.0	0	348
19.0	5	3	0.0	0	349
20.0	5	3	0.0	0	350
21.0	5	3	0.0	0	351
22.0	5	3	0.0	0	352
23.0	5	3	0.0	0	353
0.0	5	3	0.0	0	354
1.0	5	3	0.0	0	355
2.0	5	3	0.0	0	356
3.0	5	3	0.0	0	357
4.0	5	3	0.0	0	358
5.0	5	3	0.0	0	359
6.0	5	3	0.0	0	360
7.0	5	3	0.0	0	361
8.0	5	3	0.0	0	362
9.0	5	3	0.0	0	363
10.0	5	3	0.0	0	364
11.0	5	3	0.0	0	365
12.0	5	3	0.0	0	366
13.0	5	3	0.0	0	367
14.0	5	3	0.0	0	368
15.0	5	3	0.0	0	369
16.0	5	3	0.0	0	370
17.0	5	3	0.0	0	371
18.0	5	3	0.0	0	372
19.0	5	3	0.0	0	373
20.0	5	3	0.0	0	374
21.0	5	3	0.0	0	375
22.0	5	3	0.0	0	376
23.0	5	3	0.0	0	377
0.0	5	3	0.0	0	378
1.0	5	3	0.0	0	379
2.0	5	3	0.0	0	380
3.0	5	3	0.0	0	381
4.0	5	3	0.0	0	382
5.0	5	3	0.0	0	383
6.0	5	3	0.0	0	384
7.0	5	3	0.0	0	385
8.0	5	3	0.0	0	386
9.0	5	3	0.0	0	387
10.0	5	3	0.0	0	388
11.0	5	3	0.0	0	389
12.0	5	3	0.0	0	390
13.0	5	3	0.0	0	391
14.0	5	3	0.0	0	392
15.0	5	3	0.0	0	393
16.0	5	3	0.0	0	394
17.0	5	3	0.0	0	395
18.0	5	3	0.0	0	396
19.0	5	3	0.0	0	397
20.0	5	3	0.0	0	398
21.0	5	3	0.0	0	399
22.0	5	3	0.0	0	400
23.0	5	3	0.0	0	401
0.0	5	3	0.0	0	402
1.0	5	3	0.0	0	403
2.0	5	3	0.0	0	404
3.0	5	3	0.0	0	405
4.0	5	3	0.0	0	406
5.0	5	3	0.0	0	407
6.0	5	3	0.0207	5	408
7.0	5	3	0.0	0	409
8.0	5	3	0.0	0	410
9.0	5	3	0.0	0	411
10.0	5	3	0.0041	1	412
11.0	5	3	0.0	0	413
12.0	5	3	0.0041	1	414
13.0	5	3	0.0	0	415
14.0	5	3	0.0	0	416
15.0	5	3	0.0	0	417
16.0	5	3	0.0041	1	418
17.0	5	3	0.0041	1	419
18.0	5	3	0.0	0	420
19.0	5	3	0.0	0	421
20.0	5	3	0.0	0	422
21.0	5	3	0.0	0	423
22.0	5	3	0.0	0	424
23.0	5	3	0.0	0	425
0.0	5	3	0.0	0	426
1.0	5	3	0.0	0	427
2.0	5	3	0.0	0	428
3.0	5	3	0.0	0	429
4.0	5	3	0.0	0	430
5.0	5	3	0.0041	1	431
6.0	5	3	0.0	0	432
7.0	5	3	0.0	0	433
8.0	5	3	0.0	0	434
9.0	5	3	0.0	0	435
10.0	5	3	0.0	0	436
11.0	5	3	0.0	0	437
12.0	5	3	0.0	0	438
13.0	5	3	0.0	0	439
14.0	5	3	0.0041	1	440
15.0	5	3	0.0	0	441
16.0	5	3	0.0	0	442
17.0	5	3	0.0	0	443
18.0	5	3	0.0041	1	444
19.0	5	3	0.0	0	445
20.0	5	3	0.0	0	446
21.0	5	3	0.0	0	447
22.0	5	3	0.0	0	448
23.0	5	3	0.0	0	449
0.0	5	3	0.0	0	450
1.0	5	3	0.0	0	451
2.0	5	3	0.0	0	452
3.0	5	3	0.0	0	453
4.0	5	3	0.0	0	454
5.0	5	3	0.0	0	455
6.0	5	3	0.0041	1	456
7.0	5	3	0.0	0	457
8.0	5	3	0.0	0	458
9.0	5	3	0.0	0	459
10.0	5	3	0.0	0	460
11.0	5	3	0.0	0	461
12.0	5	3	0.0041	1	462
13.0	5	3	0.0	0	463
14.0	5	3	0.0041	1	464
15.0	5	3	0.0	0	465
16.0	5	3	0.0	0	466
17.0	5	3	0.0	0	467
18.0	5	3	0.0	0	468
19.0	5	3	0.0	0	469
20.0	5	3	0.0	0	470
21.0	5	3	0.0	0	471
22.0	5	3	0.0	0	472
23.0	5	3	0.0	0	473
0.0	5	3	0.0	0	474
1.0	5	3	0.0	0	475
2.0	5	3	0.0	0	476
3.0	5	3	0.0	0	477
4.0	5	3	0.0	0	478
5.0	5	3	0.0	0	479
6.0	5	3	0.0041	1	480
7.0	5	3	0.0	0	481
8.0	5	3	0.0	0	482
9.0	5	3	0.0	0	483
10.0	5	3	0.0041	1	484
11.0	5	3	0.0	0	485
12.0	5	3	0.0041	1	486
13.0	5	3	0.0	0	487
14.0	5	3	0.0	0	488
15.0	5	3	0.0	0	489
16.0	5	4	0.0	0	490
17.0	5	4	0.0	0	491
18.0	5	3	0.0	0	492
19.0	5	3	0.0041	1	493
20.0	5	3	0.0	0	494
21.0	5	3	0.0	0	495
22.0	5	3	0.0	0	496
23.0	5	3	0.0	0	497
0.0	5	3	0.0	0	498
1.0	5	3	0.0	0	499
2.0	5	3	0.0	0	500
3.0	5	3	0.0	0	501
4.0	5	3	0.0	0	502
5.0	5	3	0.0	0	503
6.0	5	3	0.0041	1	504
7.0	5	3	0.0	0	505
8.0	5	3	0.0	0	506
9.0	5	3	0.0	0	507
10.0	5	3	0.0	0	508
11.0	5	3	0.0	0	509
12.0	5	3	0.0041	1	510
13.0	5	3	0.0	0	511
14.0	5	3	0.0	0	512
15.0	5	3	0.0041	1	513
16.0	5	3	0.0083	2	514
22.0	6	11	0.005	2	1
23.0	6	11	0.005	2	2
0.0	6	10	0.0224	9	3
1.0	6	11	0.015	6	4
2.0	6	11	0.015	6	5
3.0	6	11	0.0075	3	6
4.0	6	11	0.005	2	7
5.0	6	11	0.0025	1	8
6.0	6	11	0.0025	1	9
7.0	6	11	0.0025	1	10
8.0	6	11	0.0025	1	11
9.0	6	11	0.0025	1	12
10.0	6	11	0.0025	1	13
11.0	6	11	0.0025	1	14
12.0	6	11	0.0	0	15
13.0	6	11	0.005	2	16
14.0	6	11	0.0	0	17
15.0	6	11	0.0	0	18
16.0	6	11	0.0	0	19
17.0	6	11	0.0	0	20
18.0	6	11	0.0	0	21
19.0	6	11	0.0025	1	22
20.0	6	11	0.0	0	23
21.0	6	11	0.0	0	24
22.0	6	11	0.0	0	25
23.0	6	11	0.0	0	26
0.0	6	11	0.0025	1	27
1.0	6	11	0.0	0	28
2.0	6	11	0.0025	1	29
3.0	6	11	0.0025	1	30
4.0	6	11	0.0025	1	31
5.0	6	11	0.005	2	32
6.0	6	10	0.0075	3	33
7.0	6	9	0.005	2	34
8.0	6	9	0.01	4	35
9.0	6	9	0.0075	3	36
10.0	6	9	0.005	2	37
11.0	6	9	0.0025	1	38
12.0	6	9	0.0025	1	39
13.0	6	9	0.0025	1	40
14.0	6	9	0.0025	1	41
15.0	6	9	0.0	0	42
16.0	6	9	0.0	0	43
17.0	6	9	0.0	0	44
18.0	6	9	0.0	0	45
19.0	6	9	0.0	0	46
20.0	6	9	0.0	0	47
21.0	6	9	0.0	0	48
22.0	6	9	0.0	0	49
23.0	6	9	0.0025	1	50
0.0	6	9	0.0025	1	51
1.0	6	9	0.0025	1	52
2.0	6	9	0.005	2	53
3.0	6	9	0.0075	3	54
4.0	6	12	0.0125	5	55
5.0	6	12	0.0125	5	56
6.0	6	10	0.01	4	57
7.0	6	10	0.0125	5	58
8.0	6	12	0.0125	5	59
9.0	6	12	0.0125	5	60
10.0	6	12	0.0125	5	61
11.0	6	12	0.0075	3	62
12.0	6	12	0.01	4	63
13.0	6	11	0.0075	3	64
14.0	6	11	0.0025	1	65
15.0	6	11	0.0025	1	66
16.0	6	11	0.0025	1	67
17.0	6	11	0.0	0	68
18.0	6	11	0.0374	15	69
19.0	6	10	0.0	0	70
20.0	6	11	0.0	0	71
21.0	6	11	0.0025	1	72
22.0	6	11	0.005	2	73
23.0	6	11	0.0075	3	74
0.0	6	13	0.0075	3	75
1.0	6	11	0.01	4	76
2.0	6	12	0.01	4	77
3.0	6	12	0.0175	7	78
4.0	6	12	0.015	6	79
5.0	6	11	0.015	6	80
6.0	6	11	0.02	8	81
7.0	6	11	0.0125	5	82
8.0	6	12	0.0075	3	83
9.0	6	10	0.0075	3	84
10.0	6	10	0.015	6	85
11.0	6	10	0.0249	10	86
12.0	6	10	0.0399	16	87
13.0	6	10	0.0125	5	88
14.0	6	10	0.0025	1	89
15.0	6	10	0.0025	1	90
16.0	6	10	0.0025	1	91
17.0	6	10	0.0025	1	92
18.0	6	10	0.0025	1	93
19.0	6	9	0.0324	13	94
20.0	6	10	0.0025	1	95
21.0	6	10	0.0025	1	96
22.0	6	10	0.005	2	97
23.0	6	10	0.0075	3	98
0.0	6	10	0.005	2	99
1.0	6	10	0.005	2	100
2.0	6	10	0.005	2	101
3.0	6	9	0.01	4	102
4.0	6	9	0.0075	3	103
5.0	6	10	0.005	2	104
6.0	6	10	0.005	2	105
7.0	6	10	0.005	2	106
8.0	6	10	0.005	2	107
9.0	6	10	0.0025	1	108
10.0	6	10	0.0025	1	109
11.0	6	10	0.005	2	110
12.0	6	10	0.005	2	111
13.0	6	10	0.005	2	112
14.0	6	11	0.0025	1	113
15.0	6	10	0.0025	1	114
16.0	6	10	0.0025	1	115
17.0	6	11	0.0	0	116
18.0	6	10	0.0	0	117
19.0	6	10	0.02	8	118
20.0	6	10	0.0	0	119
21.0	6	11	0.0025	1	120
22.0	6	11	0.005	2	121
23.0	6	11	0.005	2	122
0.0	6	11	0.005	2	123
1.0	6	11	0.005	2	124
2.0	6	11	0.005	2	125
3.0	6	11	0.005	2	126
4.0	6	10	0.0075	3	127
5.0	6	10	0.005	2	128
6.0	6	10	0.0075	3	129
7.0	6	10	0.005	2	130
8.0	6	10	0.0125	5	131
9.0	6	10	0.0175	7	132
10.0	6	10	0.01	4	133
11.0	6	10	0.005	2	134
12.0	6	10	0.005	2	135
13.0	6	10	0.005	2	136
14.0	6	10	0.0	0	137
15.0	6	10	0.005	2	138
16.0	6	10	0.0025	1	139
17.0	6	10	0.0025	1	140
18.0	6	10	0.0125	5	141
19.0	6	10	0.0	0	142
20.0	6	10	0.0	0	143
21.0	6	10	0.0025	1	144
22.0	6	10	0.005	2	145
23.0	6	10	0.0075	3	146
0.0	6	10	0.005	2	147
1.0	6	10	0.005	2	148
2.0	6	10	0.005	2	149
3.0	6	10	0.0075	3	150
4.0	6	10	0.0075	3	151
5.0	6	10	0.005	2	152
6.0	6	10	0.0025	1	153
7.0	6	9	0.005	2	154
8.0	6	10	0.0025	1	155
9.0	6	10	0.0025	1	156
10.0	6	10	0.0025	1	157
11.0	6	10	0.0025	1	158
12.0	6	10	0.0025	1	159
13.0	6	10	0.0025	1	160
14.0	6	10	0.0025	1	161
15.0	6	10	0.0025	1	162
16.0	6	10	0.0025	1	163
17.0	6	10	0.0	0	164
18.0	6	10	0.0025	1	165
19.0	6	10	0.01	4	166
20.0	6	11	0.0	0	167
21.0	6	11	0.0025	1	168
22.0	6	11	0.0075	3	169
23.0	6	10	0.005	2	170
0.0	6	10	0.005	2	171
1.0	6	11	0.005	2	172
2.0	6	10	0.005	2	173
3.0	6	10	0.0175	7	174
4.0	6	10	0.005	2	175
5.0	6	10	0.0025	1	176
6.0	6	10	0.0025	1	177
7.0	6	10	0.0	0	178
8.0	6	10	0.0	0	179
9.0	6	11	0.0	0	180
10.0	6	11	0.0	0	181
11.0	6	11	0.0	0	182
12.0	6	10	0.0025	1	183
13.0	6	10	0.0	0	184
14.0	6	10	0.0	0	185
15.0	6	10	0.0	0	186
16.0	6	10	0.0	0	187
17.0	6	10	0.0	0	188
18.0	6	10	0.0	0	189
19.0	6	10	0.0	0	190
20.0	6	10	0.0	0	191
21.0	6	10	0.0	0	192
22.0	6	11	0.0	0	193
23.0	6	11	0.0	0	194
0.0	6	10	0.0	0	195
1.0	6	11	0.0	0	196
2.0	6	10	0.0	0	197
3.0	6	10	0.0	0	198
4.0	6	10	0.0	0	199
5.0	6	10	0.0	0	200
6.0	6	10	0.0	0	201
7.0	6	10	0.0	0	202
8.0	6	10	0.0	0	203
9.0	6	10	0.0	0	204
10.0	6	11	0.0	0	205
11.0	6	10	0.0	0	206
12.0	6	10	0.0	0	207
13.0	6	10	0.0	0	208
14.0	6	10	0.0	0	209
15.0	6	10	0.0	0	210
16.0	6	10	0.0	0	211
17.0	6	10	0.0	0	212
18.0	6	10	0.0	0	213
19.0	6	10	0.0	0	214
20.0	6	10	0.0	0	215
21.0	6	10	0.0	0	216
22.0	6	10	0.0	0	217
23.0	6	10	0.0	0	218
0.0	6	10	0.0	0	219
1.0	6	10	0.0	0	220
2.0	6	11	0.0	0	221
3.0	6	11	0.0	0	222
4.0	6	11	0.0	0	223
5.0	6	11	0.0	0	224
6.0	6	10	0.0	0	225
7.0	6	10	0.0	0	226
8.0	6	10	0.0	0	227
9.0	6	10	0.0	0	228
10.0	6	10	0.0	0	229
11.0	6	10	0.0	0	230
12.0	6	11	0.0	0	231
13.0	6	11	0.0	0	232
14.0	6	10	0.0	0	233
15.0	6	10	0.0	0	234
16.0	6	10	0.0025	1	235
17.0	6	10	0.0025	1	236
18.0	6	10	0.0	0	237
19.0	6	9	0.01	4	238
20.0	6	10	0.0	0	239
21.0	6	11	0.0224	9	240
22.0	6	10	0.0075	3	241
23.0	6	10	0.005	2	242
0.0	6	10	0.005	2	243
1.0	6	10	0.0025	1	244
2.0	6	10	0.0025	1	245
3.0	6	11	0.0075	3	246
4.0	6	14	0.005	2	247
5.0	6	14	0.005	2	248
6.0	6	14	0.005	2	249
7.0	6	14	0.005	2	250
8.0	6	14	0.0025	1	251
9.0	6	14	0.0	0	252
10.0	6	14	0.0	0	253
11.0	6	14	0.0	0	254
12.0	6	14	0.0	0	255
13.0	6	14	0.0	0	256
14.0	6	14	0.0	0	257
15.0	6	14	0.0	0	258
16.0	6	14	0.0	0	259
17.0	6	14	0.0	0	260
18.0	6	14	0.0474	19	261
19.0	6	14	0.0025	1	262
20.0	6	14	0.0	0	263
21.0	6	15	0.0025	1	264
22.0	6	15	0.005	2	265
23.0	6	15	0.01	4	266
0.0	6	15	0.0075	3	267
1.0	6	14	0.01	4	268
2.0	6	14	0.005	2	269
3.0	6	14	0.01	4	270
4.0	6	14	0.01	4	271
5.0	6	14	0.0025	1	272
6.0	6	14	0.0025	1	273
7.0	6	14	0.005	2	274
8.0	6	14	0.0025	1	275
9.0	6	14	0.0	0	276
10.0	6	14	0.0	0	277
11.0	6	14	0.0	0	278
12.0	6	14	0.0	0	279
13.0	6	14	0.0025	1	280
14.0	6	14	0.0	0	281
15.0	6	14	0.0	0	282
16.0	6	14	0.0	0	283
17.0	6	14	0.0	0	284
18.0	6	14	0.0499	20	285
19.0	6	14	0.0	0	286
20.0	6	14	0.0	0	287
21.0	6	15	0.0025	1	288
22.0	6	14	0.005	2	289
23.0	6	14	0.0075	3	290
0.0	6	14	0.005	2	291
1.0	6	14	0.0075	3	292
2.0	6	14	0.005	2	293
3.0	6	14	0.0125	5	294
4.0	6	14	0.0075	3	295
5.0	6	14	0.005	2	296
6.0	6	14	0.005	2	297
7.0	6	14	0.0025	1	298
8.0	6	14	0.0025	1	299
9.0	6	14	0.0	0	300
10.0	6	14	0.0	0	301
11.0	6	14	0.0	0	302
12.0	6	14	0.0	0	303
13.0	6	14	0.0025	1	304
14.0	6	14	0.0	0	305
15.0	6	14	0.0	0	306
16.0	6	14	0.0025	1	307
17.0	6	14	0.0	0	308
18.0	6	14	0.0075	3	309
19.0	6	14	0.0	0	310
20.0	6	14	0.0	0	311
21.0	6	14	0.0025	1	312
22.0	6	14	0.005	2	313
23.0	6	14	0.0075	3	314
0.0	6	14	0.0075	3	315
1.0	6	14	0.005	2	316
2.0	6	14	0.005	2	317
3.0	6	14	0.01	4	318
4.0	6	14	0.01	4	319
5.0	6	14	0.005	2	320
6.0	6	14	0.005	2	321
7.0	6	14	0.005	2	322
8.0	6	14	0.0025	1	323
9.0	6	14	0.0	0	324
10.0	6	14	0.0	0	325
11.0	6	14	0.0	0	326
12.0	6	14	0.0	0	327
13.0	6	14	0.0025	1	328
14.0	6	14	0.0025	1	329
15.0	6	14	0.0025	1	330
16.0	6	14	0.0025	1	331
17.0	6	14	0.0025	1	332
18.0	6	14	0.0399	16	333
19.0	6	14	0.0	0	334
20.0	6	14	0.0	0	335
21.0	6	14	0.0025	1	336
22.0	6	14	0.0075	3	337
23.0	6	14	0.0075	3	338
0.0	6	14	0.005	2	339
1.0	6	14	0.0125	5	340
2.0	6	14	0.0773	31	341
3.0	6	14	0.0623	25	342
4.0	6	14	0.0075	3	343
5.0	6	14	0.0025	1	344
6.0	6	14	0.0075	3	345
7.0	6	14	0.0025	1	346
8.0	6	14	0.0025	1	347
9.0	6	14	0.0	0	348
10.0	6	14	0.0	0	349
11.0	6	14	0.0	0	350
12.0	6	14	0.0	0	351
13.0	6	14	0.0	0	352
14.0	6	14	0.0	0	353
15.0	6	14	0.0	0	354
16.0	6	14	0.0	0	355
17.0	6	14	0.0	0	356
18.0	6	14	0.0	0	357
19.0	6	14	0.0	0	358
20.0	6	14	0.0	0	359
21.0	6	14	0.0	0	360
22.0	6	14	0.0	0	361
23.0	6	14	0.0	0	362
0.0	6	14	0.0	0	363
1.0	6	14	0.0	0	364
2.0	6	14	0.0	0	365
3.0	6	14	0.0	0	366
4.0	6	14	0.0	0	367
5.0	6	14	0.0	0	368
6.0	6	14	0.0	0	369
7.0	6	14	0.0	0	370
8.0	6	14	0.0	0	371
9.0	6	14	0.0	0	372
10.0	6	14	0.0	0	373
11.0	6	14	0.0	0	374
12.0	6	14	0.0	0	375
13.0	6	14	0.0	0	376
14.0	6	14	0.0	0	377
15.0	6	14	0.0	0	378
16.0	6	14	0.0	0	379
17.0	6	14	0.0	0	380
18.0	6	14	0.0	0	381
19.0	6	14	0.0	0	382
20.0	6	14	0.0	0	383
21.0	6	14	0.0	0	384
22.0	6	14	0.0	0	385
23.0	6	14	0.0	0	386
0.0	6	14	0.0	0	387
1.0	6	14	0.0	0	388
2.0	6	14	0.0	0	389
3.0	6	14	0.0	0	390
4.0	6	14	0.0	0	391
5.0	6	14	0.0	0	392
6.0	6	14	0.0	0	393
7.0	6	14	0.0	0	394
8.0	6	15	0.0025	1	395
9.0	6	14	0.0	0	396
10.0	6	14	0.0	0	397
11.0	6	14	0.0	0	398
12.0	6	15	0.0	0	399
13.0	6	15	0.0025	1	400
14.0	6	14	0.0	0	401
15.0	6	14	0.0	0	402
16.0	6	14	0.0025	1	403
17.0	6	14	0.0	0	404
18.0	6	14	0.0	0	405
19.0	6	14	0.0549	22	406
20.0	6	15	0.0	0	407
21.0	6	15	0.0025	1	408
22.0	6	15	0.005	2	409
23.0	6	15	0.01	4	410
0.0	6	15	0.0224	9	411
1.0	6	15	0.0374	15	412
2.0	6	15	0.0299	12	413
3.0	6	15	0.0549	22	414
4.0	6	15	0.0224	9	415
5.0	6	15	0.0224	9	416
6.0	6	15	0.0274	11	417
7.0	6	15	0.0324	13	418
8.0	6	14	0.01	4	419
9.0	6	15	0.005	2	420
10.0	6	14	0.005	2	421
11.0	6	15	0.0075	3	422
12.0	6	14	0.005	2	423
13.0	6	14	0.0075	3	424
14.0	6	14	0.005	2	425
15.0	6	15	0.005	2	426
16.0	6	15	0.0075	3	427
17.0	6	14	0.005	2	428
18.0	6	14	0.0399	16	429
19.0	6	14	0.005	2	430
20.0	6	14	0.005	2	431
21.0	6	14	0.005	2	432
22.0	6	15	0.015	6	433
23.0	6	15	0.0224	9	434
0.0	6	15	0.0349	14	435
1.0	6	14	0.0549	22	436
2.0	6	14	0.0574	23	437
3.0	6	14	0.0424	17	438
4.0	6	14	0.0249	10	439
5.0	6	14	0.0224	9	440
6.0	6	14	0.0175	7	441
7.0	6	14	0.015	6	442
8.0	6	14	0.005	2	443
9.0	6	14	0.0125	5	444
10.0	6	14	0.01	4	445
11.0	6	14	0.0125	5	446
12.0	6	14	0.01	4	447
13.0	6	14	0.0075	3	448
14.0	6	14	0.0025	1	449
15.0	6	14	0.0025	1	450
16.0	6	14	0.0025	1	451
17.0	6	14	0.0025	1	452
18.0	6	14	0.0025	1	453
19.0	6	14	0.0349	14	454
20.0	6	14	0.005	2	455
21.0	6	14	0.0125	5	456
22.0	6	14	0.01	4	457
23.0	6	14	0.0125	5	458
0.0	6	14	0.0299	12	459
1.0	6	14	0.0374	15	460
2.0	6	14	0.0399	16	461
3.0	6	14	0.0574	23	462
4.0	6	14	0.0449	18	463
5.0	6	14	0.0499	20	464
6.0	6	14	0.0125	5	465
7.0	6	14	0.015	6	466
8.0	6	14	0.02	8	467
9.0	6	14	0.005	2	468
10.0	6	14	0.0075	3	469
11.0	6	14	0.005	2	470
12.0	6	14	0.0025	1	471
13.0	6	14	0.0025	1	472
14.0	6	14	0.0025	1	473
15.0	6	14	0.0025	1	474
16.0	6	14	0.0075	3	475
17.0	6	14	0.0025	1	476
18.0	6	14	0.0	0	477
19.0	6	14	0.0224	9	478
20.0	6	14	0.0025	1	479
21.0	6	14	0.005	2	480
22.0	6	14	0.0175	7	481
23.0	6	14	0.0249	10	482
0.0	6	14	0.0075	3	483
1.0	6	14	0.0075	3	484
2.0	6	14	0.0075	3	485
3.0	6	14	0.0075	3	486
4.0	6	14	0.0075	3	487
5.0	6	14	0.0175	7	488
6.0	6	14	0.01	4	489
7.0	6	14	0.01	4	490
8.0	6	14	0.005	2	491
9.0	6	14	0.0025	1	492
10.0	6	14	0.005	2	493
11.0	6	14	0.0025	1	494
12.0	6	14	0.0025	1	495
13.0	6	14	0.0025	1	496
14.0	6	14	0.0025	1	497
15.0	6	14	0.0025	1	498
16.0	6	14	0.0	0	499
17.0	6	13	0.0	0	500
18.0	6	13	0.0	0	501
19.0	6	13	0.0249	10	502
20.0	6	14	0.0025	1	503
21.0	6	14	0.0025	1	504
22.0	6	14	0.0125	5	505
23.0	6	14	0.0175	7	506
0.0	6	14	0.015	6	507
1.0	6	14	0.0249	10	508
2.0	6	14	0.0175	7	509
3.0	6	14	0.0324	13	510
4.0	6	14	0.0299	12	511
5.0	6	14	0.0249	10	512
6.0	6	14	0.0175	7	513
21.27	6	14	0.0249	10	514
18.22	6	28	0.6658	267	515
22.0	7	9	0.8905	846	1
23.0	7	9	0.1937	184	2
0.0	7	9	0.1389	132	3
1.0	7	8	0.1211	115	4
2.0	7	8	0.1147	109	5
3.0	7	9	0.0884	84	6
4.0	7	8	0.0832	79	7
5.0	7	7	0.0768	73	8
6.0	7	8	0.0663	63	9
7.0	7	8	0.0863	82	10
8.0	7	8	0.0863	82	11
9.0	7	9	0.0674	64	12
10.0	7	8	0.0663	63	13
11.0	7	8	0.0684	65	14
12.0	7	9	0.0663	63	15
13.0	7	9	0.0758	72	16
14.0	7	9	0.0789	75	17
15.0	7	9	0.0821	78	18
16.0	7	9	0.0811	77	19
17.0	7	8	0.0937	89	20
18.0	7	8	0.1242	118	21
19.0	7	8	0.0884	84	22
20.0	7	8	0.0968	92	23
21.0	7	8	0.0832	79	24
22.0	7	8	0.0821	78	25
23.0	7	8	0.0811	77	26
0.0	7	8	0.0737	70	27
1.0	7	8	0.0758	72	28
2.0	7	8	0.0779	74	29
3.0	7	8	0.0674	64	30
4.0	7	8	0.0695	66	31
5.0	7	8	0.0663	63	32
6.0	7	8	0.0684	65	33
7.0	7	9	0.0653	62	34
8.0	7	9	0.0779	74	35
9.0	7	8	0.0779	74	36
10.0	7	9	0.0695	66	37
11.0	7	9	0.0768	73	38
12.0	7	9	0.0821	78	39
13.0	7	9	0.0684	65	40
14.0	7	9	0.0663	63	41
15.0	7	9	0.0684	65	42
16.0	7	9	0.0632	60	43
17.0	7	9	0.0632	60	44
18.0	7	9	0.0611	58	45
19.0	7	9	0.0589	56	46
20.0	7	9	0.0579	55	47
21.0	7	9	0.0589	56	48
22.0	7	9	0.0568	54	49
23.0	7	8	0.0653	62	50
0.0	7	9	0.0653	62	51
1.0	7	9	0.0621	59	52
2.0	7	9	0.0611	58	53
3.0	7	9	0.0611	58	54
4.0	7	9	0.0621	59	55
5.0	7	8	0.0589	56	56
6.0	7	8	0.0653	62	57
7.0	7	9	0.0642	61	58
8.0	7	8	0.0695	66	59
9.0	7	9	0.0663	63	60
10.0	7	9	0.0579	55	61
11.0	7	9	0.0642	61	62
12.0	7	9	0.0684	65	63
13.0	7	9	0.0674	64	64
14.0	7	9	0.0674	64	65
15.0	7	9	0.0747	71	66
16.0	7	9	0.0621	59	67
17.0	7	9	0.0642	61	68
18.0	7	9	0.1274	121	69
19.0	7	9	0.06	57	70
20.0	7	9	0.0611	58	71
21.0	7	9	0.0663	63	72
22.0	7	9	0.0726	69	73
23.0	7	9	0.0842	80	74
0.0	7	9	0.0853	81	75
1.0	7	9	0.0863	82	76
2.0	7	9	0.0737	70	77
3.0	7	9	0.0737	70	78
4.0	7	9	0.0779	74	79
5.0	7	9	0.0684	65	80
6.0	7	9	0.0642	61	81
7.0	7	9	0.0558	53	82
8.0	7	9	0.0611	58	83
9.0	7	9	0.06	57	84
10.0	7	9	0.0632	60	85
11.0	7	9	0.0663	63	86
12.0	7	9	0.0611	58	87
13.0	7	9	0.0579	55	88
14.0	7	9	0.0537	51	89
15.0	7	9	0.0568	54	90
16.0	7	9	0.0547	52	91
17.0	7	9	0.0558	53	92
18.0	7	9	0.0621	59	93
19.0	7	9	0.0979	93	94
20.0	7	9	0.0905	86	95
21.0	7	9	0.0684	65	96
22.0	7	9	0.0811	77	97
23.0	7	9	0.0853	81	98
0.0	7	9	0.0895	85	99
1.0	7	9	0.0842	80	100
2.0	7	9	0.0905	86	101
3.0	7	9	0.1074	102	102
4.0	7	9	0.1368	130	103
5.0	7	9	0.2379	226	104
6.0	7	9	0.2695	256	105
7.0	7	9	0.2884	274	106
8.0	7	9	0.3895	370	107
9.0	7	9	0.1432	136	108
10.0	7	9	0.0916	87	109
11.0	7	9	0.0958	91	110
12.0	7	9	0.1126	107	111
13.0	7	9	0.1221	116	112
14.0	7	9	0.12	114	113
15.0	7	9	0.1042	99	114
16.0	7	9	0.1232	117	115
17.0	7	9	0.1505	143	116
18.0	7	9	0.1274	121	117
19.0	7	9	0.2021	192	118
20.0	7	9	0.1484	141	119
21.0	7	9	0.16	152	120
22.0	7	9	0.1389	132	121
23.0	7	9	0.12	114	122
0.0	7	9	0.1116	106	123
1.0	7	9	0.0916	87	124
2.0	7	9	0.0884	84	125
3.0	7	9	0.1063	101	126
4.0	7	9	0.0874	83	127
5.0	7	9	0.0895	85	128
6.0	7	9	0.0947	90	129
7.0	7	9	0.0947	90	130
8.0	7	9	0.0905	86	131
9.0	7	9	0.0926	88	132
10.0	7	9	0.0895	85	133
11.0	7	9	0.0905	86	134
12.0	7	9	0.0958	91	135
13.0	7	9	0.1	95	136
14.0	7	9	0.0958	91	137
15.0	7	9	0.1053	100	138
16.0	7	9	0.0989	94	139
17.0	7	9	0.0979	93	140
18.0	7	9	0.1221	116	141
19.0	7	9	0.0947	90	142
20.0	7	9	0.0926	88	143
21.0	7	9	0.1074	102	144
22.0	7	9	0.1147	109	145
23.0	7	9	0.0916	87	146
0.0	7	9	0.0853	81	147
1.0	7	9	0.1	95	148
2.0	7	9	0.1232	117	149
3.0	7	9	0.1716	163	150
4.0	7	9	0.2158	205	151
5.0	7	9	0.2358	224	152
6.0	7	9	0.1905	181	153
7.0	7	9	0.1411	134	154
8.0	7	9	0.0874	83	155
9.0	7	9	0.0758	72	156
10.0	7	9	0.0747	71	157
11.0	7	9	0.0674	64	158
12.0	7	9	0.0684	65	159
13.0	7	9	0.0726	69	160
14.0	7	9	0.0716	68	161
15.0	7	9	0.0747	71	162
16.0	7	9	0.0705	67	163
17.0	7	9	0.0726	69	164
18.0	7	9	0.1021	97	165
19.0	7	9	0.0832	79	166
20.0	7	9	0.0832	79	167
21.0	7	9	0.0958	91	168
22.0	7	9	0.1168	111	169
23.0	7	9	0.1295	123	170
0.0	7	9	0.1253	119	171
1.0	7	9	0.1337	127	172
2.0	7	9	0.1347	128	173
3.0	7	9	0.1568	149	174
4.0	7	9	0.1558	148	175
5.0	7	9	0.1263	120	176
6.0	7	9	0.1063	101	177
7.0	7	9	0.1147	109	178
8.0	7	9	0.1105	105	179
9.0	7	9	0.1126	107	180
10.0	7	9	0.1189	113	181
11.0	7	9	0.12	114	182
12.0	7	9	0.1295	123	183
13.0	7	9	0.1263	120	184
14.0	7	9	0.1074	102	185
15.0	7	9	0.1158	110	186
16.0	7	9	0.1116	106	187
17.0	7	9	0.1095	104	188
18.0	7	9	0.1126	107	189
19.0	7	9	0.1147	109	190
20.0	7	9	0.1084	103	191
21.0	7	9	0.1053	100	192
22.0	7	9	0.1126	107	193
23.0	7	9	0.1063	101	194
0.0	7	9	0.1105	105	195
1.0	7	9	0.1421	135	196
2.0	7	9	0.1453	138	197
3.0	7	9	0.1516	144	198
4.0	7	9	0.1705	162	199
5.0	7	9	0.1895	180	200
6.0	7	8	0.2032	193	201
7.0	7	8	0.2053	195	202
8.0	7	9	0.1916	182	203
9.0	7	9	0.1705	162	204
10.0	7	9	0.1653	157	205
11.0	7	9	0.1537	146	206
12.0	7	9	0.1358	129	207
13.0	7	9	0.1137	108	208
14.0	7	9	0.1095	104	209
15.0	7	9	0.1074	102	210
16.0	7	9	0.0989	94	211
17.0	7	9	0.0979	93	212
18.0	7	9	0.1021	97	213
19.0	7	9	0.0958	91	214
20.0	7	9	0.0958	91	215
21.0	7	9	0.0979	93	216
22.0	7	9	0.0926	88	217
23.0	7	9	0.0853	81	218
0.0	7	9	0.0884	84	219
1.0	7	9	0.0789	75	220
2.0	7	9	0.0884	84	221
3.0	7	9	0.1074	102	222
4.0	7	9	0.1042	99	223
5.0	7	9	0.1189	113	224
6.0	7	9	0.1211	115	225
7.0	7	9	0.1211	115	226
8.0	7	8	0.1284	122	227
9.0	7	8	0.1411	134	228
10.0	7	8	0.1305	124	229
11.0	7	8	0.1179	112	230
12.0	7	8	0.12	114	231
13.0	7	8	0.1253	119	232
14.0	7	8	0.1168	111	233
15.0	7	7	0.1189	113	234
16.0	7	7	0.1358	129	235
17.0	7	7	0.1305	124	236
18.0	7	7	0.1284	122	237
19.0	7	7	0.1432	136	238
20.0	7	7	0.1074	102	239
21.0	7	9	0.1758	167	240
22.0	7	9	0.1653	157	241
23.0	7	9	0.1558	148	242
0.0	7	9	0.1368	130	243
1.0	7	9	0.1337	127	244
2.0	7	9	0.1316	125	245
3.0	7	9	0.1316	125	246
4.0	7	9	0.1295	123	247
5.0	7	9	0.1179	112	248
6.0	7	9	0.1421	135	249
7.0	7	9	0.1495	142	250
8.0	7	9	0.1421	135	251
9.0	7	9	0.1642	156	252
10.0	7	9	0.1674	159	253
11.0	7	9	0.1663	158	254
12.0	7	9	0.1684	160	255
13.0	7	9	0.1779	169	256
14.0	7	9	0.16	152	257
15.0	7	9	0.1389	132	258
16.0	7	9	0.1326	126	259
17.0	7	9	0.1305	124	260
18.0	7	9	0.1747	166	261
19.0	7	9	0.1074	102	262
20.0	7	9	0.1032	98	263
21.0	7	9	0.1074	102	264
22.0	7	9	0.1063	101	265
23.0	7	9	0.1189	113	266
0.0	7	9	0.1063	101	267
1.0	7	9	0.1063	101	268
2.0	7	9	0.1926	183	269
3.0	7	9	0.3474	330	270
4.0	7	9	0.5916	562	271
5.0	7	8	0.6979	663	272
6.0	7	8	0.7411	704	273
7.0	7	9	0.7874	748	274
8.0	7	8	0.7705	732	275
9.0	7	8	0.7158	680	276
10.0	7	7	0.4779	454	277
11.0	7	7	0.2747	261	278
12.0	7	8	0.2895	275	279
13.0	7	8	0.3316	315	280
14.0	7	9	0.2463	234	281
15.0	7	9	0.1905	181	282
16.0	7	9	0.1421	135	283
17.0	7	9	0.1326	126	284
18.0	7	9	0.2179	207	285
19.0	7	8	0.1663	158	286
20.0	7	8	0.1579	150	287
21.0	7	8	0.1874	178	288
22.0	7	8	0.1926	183	289
23.0	7	8	0.1821	173	290
0.0	7	8	0.1568	149	291
1.0	7	8	0.1316	125	292
2.0	7	9	0.1379	131	293
3.0	7	8	0.1389	132	294
4.0	7	8	0.1526	145	295
5.0	7	8	0.1337	127	296
6.0	7	8	0.1495	142	297
7.0	7	8	0.16	152	298
8.0	7	8	0.1789	170	299
9.0	7	8	0.2074	197	300
10.0	7	8	0.2074	197	301
11.0	7	8	0.1832	174	302
12.0	7	8	0.1968	187	303
13.0	7	8	0.2232	212	304
14.0	7	8	0.2	190	305
15.0	7	8	0.1937	184	306
16.0	7	8	0.2221	211	307
17.0	7	8	0.2368	225	308
18.0	7	8	0.2326	221	309
19.0	7	8	0.1789	170	310
20.0	7	8	0.1621	154	311
21.0	7	8	0.1642	156	312
22.0	7	8	0.1642	156	313
23.0	7	8	0.1832	174	314
0.0	7	8	0.1621	154	315
1.0	7	9	0.1442	137	316
2.0	7	9	0.1484	141	317
3.0	7	9	0.16	152	318
4.0	7	9	0.1484	141	319
5.0	7	9	0.16	152	320
6.0	7	9	0.1716	163	321
7.0	7	9	0.1632	155	322
8.0	7	9	0.1979	188	323
9.0	7	9	0.2537	241	324
10.0	7	9	0.2611	248	325
11.0	7	9	0.2053	195	326
12.0	7	9	0.1874	178	327
13.0	7	9	0.18	171	328
14.0	7	9	0.1611	153	329
15.0	7	9	0.1284	122	330
16.0	7	9	0.1189	113	331
17.0	7	9	0.12	114	332
18.0	7	9	0.1716	163	333
19.0	7	8	0.1242	118	334
20.0	7	8	0.1074	102	335
21.0	7	8	0.1074	102	336
22.0	7	8	0.1179	112	337
23.0	7	8	0.1842	175	338
0.0	7	8	0.2011	191	339
1.0	7	8	0.1747	166	340
2.0	7	8	0.1411	134	341
3.0	7	8	0.1789	170	342
4.0	7	8	0.3074	292	343
5.0	7	8	0.4074	387	344
6.0	7	8	0.5295	503	345
7.0	7	8	0.4874	463	346
8.0	7	8	0.3189	303	347
9.0	7	8	0.34	323	348
10.0	7	8	0.4137	393	349
11.0	7	8	0.3916	372	350
12.0	7	9	0.2968	282	351
13.0	7	9	0.2474	235	352
14.0	7	9	0.2232	212	353
15.0	7	9	0.2116	201	354
16.0	7	9	0.1937	184	355
17.0	7	9	0.1895	180	356
18.0	7	9	0.1779	169	357
19.0	7	9	0.18	171	358
20.0	7	9	0.1726	164	359
21.0	7	9	0.1768	168	360
22.0	7	8	0.1821	173	361
23.0	7	8	0.2211	210	362
0.0	7	8	0.2821	268	363
1.0	7	8	0.3621	344	364
2.0	7	8	0.2989	284	365
3.0	7	8	0.2516	239	366
4.0	7	8	0.2579	245	367
5.0	7	8	0.2316	220	368
6.0	7	8	0.2516	239	369
7.0	7	8	0.3116	296	370
8.0	7	8	0.3358	319	371
9.0	7	8	0.3832	364	372
10.0	7	8	0.4537	431	373
11.0	7	8	0.4568	434	374
12.0	7	8	0.3832	364	375
13.0	7	8	0.3158	300	376
14.0	7	8	0.2926	278	377
15.0	7	9	0.3032	288	378
16.0	7	9	0.3326	316	379
17.0	7	9	0.3389	322	380
18.0	7	9	0.3653	347	381
19.0	7	9	0.3663	348	382
20.0	7	9	0.3421	325	383
21.0	7	9	0.3389	322	384
22.0	7	9	0.3242	308	385
23.0	7	9	0.3095	294	386
0.0	7	9	0.3821	363	387
1.0	7	9	0.4042	384	388
2.0	7	9	0.3516	334	389
3.0	7	9	0.3905	371	390
4.0	7	9	0.5505	523	391
5.0	7	9	0.6032	573	392
6.0	7	9	0.72	684	393
7.0	7	9	0.6232	592	394
8.0	7	9	0.3242	308	395
9.0	7	9	0.2442	232	396
10.0	7	9	0.2484	236	397
11.0	7	9	0.2105	200	398
12.0	7	9	0.1863	177	399
13.0	7	9	0.1853	176	400
14.0	7	9	0.1621	154	401
15.0	7	9	0.1442	137	402
16.0	7	9	0.1379	131	403
17.0	7	9	0.1337	127	404
18.0	7	9	0.1474	140	405
19.0	7	9	0.1842	175	406
20.0	7	9	0.1137	108	407
21.0	7	9	0.1126	107	408
22.0	7	9	0.1168	111	409
23.0	7	9	0.1284	122	410
0.0	7	9	0.1053	100	411
1.0	7	9	0.1063	101	412
2.0	7	9	0.1032	98	413
3.0	7	9	0.12	114	414
4.0	7	9	0.1242	118	415
5.0	7	9	0.1684	160	416
6.0	7	9	0.1326	126	417
7.0	7	9	0.14	133	418
8.0	7	9	0.1768	168	419
9.0	7	9	0.1516	144	420
10.0	7	9	0.1	95	421
11.0	7	9	0.0895	85	422
12.0	7	9	0.0916	87	423
13.0	7	9	0.0895	85	424
14.0	7	9	0.0937	89	425
15.0	7	9	0.0895	85	426
16.0	7	9	0.0947	90	427
17.0	7	9	0.0958	91	428
18.0	7	9	0.1421	135	429
19.0	7	9	0.1011	96	430
20.0	7	9	0.1	95	431
21.0	7	9	0.0947	90	432
22.0	7	9	0.0926	88	433
23.0	7	9	0.0979	93	434
0.0	7	9	0.0863	82	435
1.0	7	9	0.1063	101	436
2.0	7	9	0.1011	96	437
3.0	7	9	0.1811	172	438
4.0	7	9	0.3821	363	439
5.0	7	8	0.4074	387	440
6.0	7	9	0.3989	379	441
7.0	7	9	0.4421	420	442
8.0	7	9	0.4663	443	443
9.0	7	9	0.5126	487	444
10.0	7	9	0.3189	303	445
11.0	7	9	0.2832	269	446
12.0	7	9	0.3221	306	447
13.0	7	9	0.2221	211	448
14.0	7	9	0.1779	169	449
15.0	7	9	0.1642	156	450
16.0	7	9	0.1611	153	451
17.0	7	9	0.1779	169	452
18.0	7	9	0.1789	170	453
19.0	7	9	0.2253	214	454
20.0	7	9	0.1716	163	455
21.0	7	9	0.1463	139	456
22.0	7	9	0.1295	123	457
23.0	7	9	0.16	152	458
0.0	7	8	0.1547	147	459
1.0	7	8	0.1663	158	460
2.0	7	8	0.3705	352	461
3.0	7	8	0.4105	390	462
4.0	7	9	0.4884	464	463
5.0	7	9	0.3979	378	464
6.0	7	9	0.3411	324	465
7.0	7	9	0.3589	341	466
8.0	7	9	0.4621	439	467
9.0	7	9	0.4832	459	468
10.0	7	9	0.2495	237	469
11.0	7	9	0.1526	145	470
12.0	7	9	0.2126	202	471
13.0	7	9	0.2705	257	472
14.0	7	9	0.2232	212	473
15.0	7	9	0.2295	218	474
16.0	7	9	0.2389	227	475
17.0	7	9	0.2189	208	476
18.0	7	9	0.2105	200	477
19.0	7	9	0.2253	214	478
20.0	7	9	0.1779	169	479
21.0	7	8	0.1589	151	480
22.0	7	8	0.1453	138	481
23.0	7	8	0.1105	105	482
0.0	7	8	0.1221	116	483
1.0	7	8	0.1589	151	484
2.0	7	8	0.2358	224	485
3.0	7	8	0.2211	210	486
4.0	7	9	0.4232	402	487
5.0	7	9	0.3347	318	488
6.0	7	9	0.2453	233	489
7.0	7	9	0.2853	271	490
8.0	7	9	0.5632	535	491
9.0	7	9	0.48	456	492
10.0	7	9	0.3116	296	493
11.0	7	9	0.2737	260	494
12.0	7	9	0.2674	254	495
13.0	7	9	0.4411	419	496
14.0	7	9	0.4463	424	497
15.0	7	9	0.3768	358	498
16.0	7	9	0.4347	413	499
17.0	7	9	0.5168	491	500
18.0	7	9	0.4821	458	501
19.0	7	9	0.5147	489	502
20.0	7	9	0.4568	434	503
21.0	7	9	0.2726	259	504
22.0	7	9	0.1989	189	505
23.0	7	9	0.2232	212	506
0.0	7	9	0.1716	163	507
1.0	7	9	0.1705	162	508
2.0	7	9	0.1442	137	509
3.0	7	9	0.1568	149	510
4.0	7	9	0.1716	163	511
5.0	7	9	0.1979	188	512
6.0	7	9	0.1653	157	513
22.0	8	12	0.0037	1	1
23.0	8	12	0.011	3	2
0.0	8	12	0.0184	5	3
1.0	8	12	0.0294	8	4
2.0	8	12	0.0404	11	5
3.0	8	12	0.0625	17	6
4.0	8	12	0.0404	11	7
5.0	8	12	0.0257	7	8
6.0	8	12	0.011	3	9
7.0	8	12	0.011	3	10
8.0	8	12	0.0074	2	11
9.0	8	12	0.0	0	12
10.0	8	12	0.0	0	13
11.0	8	12	0.0074	2	14
12.0	8	12	0.0037	1	15
13.0	8	12	0.0	0	16
14.0	8	12	0.0	0	17
15.0	8	12	0.0	0	18
16.0	8	12	0.0	0	19
17.0	8	12	0.0	0	20
18.0	8	12	0.0	0	21
19.0	8	12	0.0	0	22
20.0	8	12	0.0	0	23
21.0	8	12	0.0	0	24
22.0	8	12	0.0	0	25
23.0	8	12	0.0	0	26
0.0	8	12	0.0	0	27
1.0	8	12	0.0037	1	28
2.0	8	12	0.011	3	29
3.0	8	12	0.0294	8	30
4.0	8	12	0.0368	10	31
5.0	8	11	0.0221	6	32
6.0	8	12	0.0294	8	33
7.0	8	12	0.0257	7	34
8.0	8	11	0.0368	10	35
9.0	8	11	0.0257	7	36
10.0	8	11	0.011	3	37
11.0	8	11	0.011	3	38
12.0	8	11	0.0147	4	39
13.0	8	11	0.0037	1	40
14.0	8	11	0.0	0	41
15.0	8	11	0.0037	1	42
16.0	8	11	0.0	0	43
17.0	8	11	0.0	0	44
18.0	8	11	0.0	0	45
19.0	8	11	0.0	0	46
20.0	8	11	0.0	0	47
21.0	8	11	0.0	0	48
22.0	8	11	0.0	0	49
23.0	8	11	0.0037	1	50
0.0	8	11	0.0074	2	51
1.0	8	11	0.0147	4	52
2.0	8	11	0.0147	4	53
3.0	8	11	0.0404	11	54
4.0	8	11	0.0735	20	55
5.0	8	11	0.0625	17	56
6.0	8	11	0.0441	12	57
7.0	8	11	0.011	3	58
8.0	8	11	0.0147	4	59
9.0	8	11	0.011	3	60
10.0	8	11	0.0368	10	61
11.0	8	11	0.0294	8	62
12.0	8	11	0.0699	19	63
13.0	8	11	0.0294	8	64
14.0	8	11	0.011	3	65
15.0	8	11	0.011	3	66
16.0	8	11	0.0037	1	67
17.0	8	11	0.0074	2	68
18.0	8	11	0.0809	22	69
19.0	8	11	0.0074	2	70
20.0	8	11	0.0037	1	71
21.0	8	11	0.0074	2	72
22.0	8	11	0.011	3	73
23.0	8	11	0.0221	6	74
0.0	8	11	0.0368	10	75
1.0	8	11	0.0588	16	76
2.0	8	11	0.0846	23	77
3.0	8	11	0.114	31	78
4.0	8	11	0.114	31	79
5.0	8	12	0.125	34	80
6.0	8	11	0.2132	58	81
7.0	8	11	0.1029	28	82
8.0	8	12	0.0588	16	83
9.0	8	12	0.0257	7	84
10.0	8	12	0.0331	9	85
11.0	8	12	0.0221	6	86
12.0	8	12	0.0441	12	87
13.0	8	12	0.0294	8	88
14.0	8	12	0.0074	2	89
15.0	8	11	0.0147	4	90
16.0	8	11	0.0	0	91
17.0	8	11	0.0	0	92
18.0	8	11	0.0184	5	93
19.0	8	11	0.0478	13	94
20.0	8	11	0.0368	10	95
21.0	8	11	0.0037	1	96
22.0	8	11	0.0037	1	97
23.0	8	11	0.0184	5	98
0.0	8	11	0.0221	6	99
1.0	8	11	0.0368	10	100
2.0	8	11	0.0515	14	101
3.0	8	11	0.0184	5	102
4.0	8	11	0.0147	4	103
5.0	8	11	0.0074	2	104
6.0	8	11	0.0184	5	105
7.0	8	11	0.011	3	106
8.0	8	11	0.0037	1	107
9.0	8	11	0.0074	2	108
10.0	8	11	0.0074	2	109
11.0	8	11	0.0037	1	110
12.0	8	11	0.0037	1	111
13.0	8	11	0.011	3	112
14.0	8	11	0.0037	1	113
15.0	8	11	0.0037	1	114
16.0	8	11	0.0	0	115
17.0	8	11	0.0	0	116
18.0	8	11	0.0037	1	117
19.0	8	11	0.0478	13	118
20.0	8	11	0.0	0	119
21.0	8	11	0.0221	6	120
22.0	8	11	0.0037	1	121
23.0	8	11	0.0074	2	122
0.0	8	11	0.0147	4	123
1.0	8	11	0.011	3	124
2.0	8	11	0.0147	4	125
3.0	8	11	0.011	3	126
4.0	8	11	0.0294	8	127
5.0	8	11	0.011	3	128
6.0	8	11	0.0221	6	129
7.0	8	11	0.0037	1	130
8.0	8	11	0.0037	1	131
9.0	8	11	0.0147	4	132
10.0	8	11	0.0037	1	133
11.0	8	11	0.0074	2	134
12.0	8	11	0.0	0	135
13.0	8	11	0.0074	2	136
14.0	8	11	0.0037	1	137
15.0	8	11	0.0074	2	138
16.0	8	11	0.0037	1	139
17.0	8	11	0.0	0	140
18.0	8	11	0.0221	6	141
19.0	8	11	0.0	0	142
20.0	8	11	0.0	0	143
21.0	8	11	0.0037	1	144
22.0	8	11	0.011	3	145
23.0	8	10	0.0184	5	146
0.0	8	10	0.011	3	147
1.0	8	11	0.011	3	148
2.0	8	11	0.0037	1	149
3.0	8	11	0.0037	1	150
4.0	8	11	0.0074	2	151
5.0	8	11	0.0037	1	152
6.0	8	11	0.0	0	153
7.0	8	11	0.0	0	154
8.0	8	11	0.0	0	155
9.0	8	11	0.0	0	156
10.0	8	11	0.0	0	157
11.0	8	11	0.0037	1	158
12.0	8	11	0.0	0	159
13.0	8	11	0.0037	1	160
14.0	8	11	0.0	0	161
15.0	8	11	0.0037	1	162
16.0	8	11	0.0	0	163
17.0	8	11	0.0	0	164
18.0	8	11	0.0294	8	165
19.0	8	11	0.0037	1	166
20.0	8	11	0.0	0	167
21.0	8	11	0.0	0	168
22.0	8	11	0.0037	1	169
23.0	8	11	0.0037	1	170
0.0	8	11	0.0074	2	171
1.0	8	11	0.0074	2	172
2.0	8	11	0.0037	1	173
3.0	8	11	0.0074	2	174
4.0	8	11	0.0037	1	175
5.0	8	11	0.0074	2	176
6.0	8	11	0.0037	1	177
7.0	8	11	0.0037	1	178
8.0	8	11	0.0037	1	179
9.0	8	11	0.0	0	180
10.0	8	11	0.0	0	181
11.0	8	11	0.0	0	182
12.0	8	11	0.0037	1	183
13.0	8	11	0.0	0	184
14.0	8	11	0.0	0	185
15.0	8	11	0.0	0	186
16.0	8	11	0.0	0	187
17.0	8	11	0.0	0	188
18.0	8	11	0.0	0	189
19.0	8	11	0.0	0	190
20.0	8	11	0.0	0	191
21.0	8	11	0.0	0	192
22.0	8	11	0.0	0	193
23.0	8	11	0.0	0	194
0.0	8	11	0.0	0	195
1.0	8	11	0.0	0	196
2.0	8	11	0.0	0	197
3.0	8	11	0.0	0	198
4.0	8	11	0.0	0	199
5.0	8	11	0.0	0	200
6.0	8	11	0.0	0	201
7.0	8	11	0.0	0	202
8.0	8	11	0.0	0	203
9.0	8	11	0.0	0	204
10.0	8	11	0.0	0	205
11.0	8	11	0.0	0	206
12.0	8	11	0.0	0	207
13.0	8	11	0.0	0	208
14.0	8	11	0.0	0	209
15.0	8	11	0.0	0	210
16.0	8	11	0.0	0	211
17.0	8	11	0.0	0	212
18.0	8	11	0.0	0	213
19.0	8	11	0.0	0	214
20.0	8	11	0.0	0	215
21.0	8	11	0.0	0	216
22.0	8	11	0.0	0	217
23.0	8	11	0.0	0	218
0.0	8	11	0.0	0	219
1.0	8	11	0.0	0	220
2.0	8	11	0.0	0	221
3.0	8	11	0.0	0	222
4.0	8	11	0.0	0	223
5.0	8	11	0.0	0	224
6.0	8	11	0.0	0	225
7.0	8	11	0.0	0	226
8.0	8	11	0.0	0	227
9.0	8	11	0.0	0	228
10.0	8	11	0.0	0	229
11.0	8	11	0.0	0	230
12.0	8	11	0.0	0	231
13.0	8	11	0.0	0	232
14.0	8	11	0.0	0	233
15.0	8	11	0.0	0	234
16.0	8	11	0.011	3	235
17.0	8	11	0.0037	1	236
18.0	8	11	0.0	0	237
19.0	8	11	0.0147	4	238
20.0	8	11	0.0	0	239
21.0	8	11	0.0	0	240
22.0	8	11	0.0037	1	241
23.0	8	11	0.0037	1	242
0.0	8	11	0.0037	1	243
1.0	8	11	0.0037	1	244
2.0	8	11	0.0037	1	245
3.0	8	11	0.0037	1	246
4.0	8	12	0.0037	1	247
5.0	8	12	0.0037	1	248
6.0	8	12	0.0037	1	249
7.0	8	12	0.0037	1	250
22.0	9	9	0.5136	490	1
23.0	9	9	0.9937	948	2
0.0	9	9	0.9885	943	3
1.0	9	9	0.9979	952	4
2.0	9	9	0.9979	952	5
3.0	9	9	0.999	953	6
4.0	9	9	0.999	953	7
5.0	9	9	0.999	953	8
6.0	9	9	0.9958	950	9
7.0	9	9	0.9916	946	10
8.0	9	9	0.9927	947	11
9.0	9	9	0.9937	948	12
10.0	9	9	0.9885	943	13
11.0	9	9	0.9927	947	14
12.0	9	9	0.9948	949	15
13.0	9	9	0.9885	943	16
14.0	9	9	0.9927	947	17
15.0	9	9	0.9948	949	18
16.0	9	9	0.9843	939	19
17.0	9	9	0.6897	658	20
18.0	9	9	0.7096	677	21
19.0	9	9	0.6876	656	22
20.0	9	9	0.7704	735	23
21.0	9	9	0.9864	941	24
22.0	9	9	0.9885	943	25
23.0	9	9	0.9686	924	26
0.0	9	9	0.9895	944	27
1.0	9	9	0.9927	947	28
2.0	9	9	0.9979	952	29
3.0	9	9	0.999	953	30
4.0	9	9	0.999	953	31
5.0	9	9	1.0	954	32
6.0	9	9	1.0	954	33
7.0	9	9	0.999	953	34
8.0	9	9	0.9969	951	35
9.0	9	9	0.9969	951	36
10.0	9	9	0.9969	951	37
11.0	9	9	0.9969	951	38
12.0	9	9	0.999	953	39
13.0	9	9	1.0	954	40
14.0	9	9	1.0	954	41
15.0	9	9	1.0	954	42
16.0	9	9	1.0	954	43
17.0	9	9	1.0	954	44
18.0	9	9	1.0	954	45
19.0	9	9	1.0	954	46
20.0	9	9	1.0	954	47
21.0	9	9	1.0	954	48
22.0	9	9	0.999	953	49
23.0	9	9	1.0	954	50
0.0	9	9	1.0	954	51
1.0	9	9	0.9969	951	52
2.0	9	9	0.9979	952	53
3.0	9	9	0.9979	952	54
4.0	9	8	0.9969	951	55
5.0	9	9	0.9969	951	56
6.0	9	9	0.9916	946	57
7.0	9	8	0.9958	950	58
8.0	9	9	0.9979	952	59
9.0	9	9	0.999	953	60
10.0	9	9	0.999	953	61
11.0	9	9	0.999	953	62
12.0	9	8	1.0	954	63
13.0	9	9	1.0	954	64
14.0	9	9	1.0	954	65
15.0	9	9	0.9979	952	66
16.0	9	9	0.999	953	67
17.0	9	9	0.9948	949	68
18.0	9	9	0.999	953	69
19.0	9	9	1.0	954	70
20.0	9	9	1.0	954	71
21.0	9	9	1.0	954	72
22.0	9	9	0.9979	952	73
23.0	9	9	0.999	953	74
0.0	9	9	0.9979	952	75
1.0	9	8	0.9979	952	76
2.0	9	9	0.999	953	77
3.0	9	11	0.9969	951	78
4.0	9	11	0.9958	950	79
5.0	9	11	0.9979	952	80
6.0	9	11	0.9979	952	81
7.0	9	11	1.0	954	82
8.0	9	11	0.9958	950	83
9.0	9	11	0.9769	932	84
10.0	9	11	0.9769	932	85
11.0	9	11	0.9843	939	86
12.0	9	11	0.978	933	87
13.0	9	11	0.9937	948	88
14.0	9	11	0.9969	951	89
15.0	9	11	0.9895	944	90
16.0	9	11	0.9927	947	91
21.7	9	11	0.9759	931	92
22.0	9	16	0.5828	556	93
23.0	9	16	0.9916	946	94
0.0	9	16	0.9916	946	95
1.0	9	16	0.9916	946	96
2.0	9	16	0.9874	942	97
3.0	9	16	0.9874	942	98
4.0	9	16	0.9885	943	99
5.0	9	16	0.9874	942	100
6.0	9	16	0.9843	939	101
7.0	9	16	0.9853	940	102
8.0	9	16	0.9906	945	103
9.0	9	16	0.9916	946	104
10.0	9	16	0.9916	946	105
11.0	9	17	0.9916	946	106
12.0	9	16	0.9895	944	107
13.0	9	16	0.9916	946	108
14.0	9	16	0.9916	946	109
15.0	9	16	0.9916	946	110
16.0	9	17	0.9916	946	111
17.0	9	17	0.9916	946	112
18.0	9	17	0.9916	946	113
19.0	9	16	0.9916	946	114
20.0	9	16	0.9916	946	115
21.0	9	16	0.9916	946	116
22.0	9	16	0.9906	945	117
23.0	9	16	0.9895	944	118
0.0	9	16	0.9895	944	119
1.0	9	16	0.9885	943	120
2.0	9	16	0.9885	943	121
3.0	9	16	0.9895	944	122
4.0	9	16	0.9895	944	123
5.0	9	16	0.9906	945	124
6.0	9	16	0.9906	945	125
7.0	9	16	0.9906	945	126
8.0	9	16	0.9906	945	127
9.0	9	16	0.9916	946	128
10.0	9	16	0.9916	946	129
11.0	9	16	0.9916	946	130
12.0	9	16	0.9895	944	131
13.0	9	16	0.9916	946	132
14.0	9	16	0.9916	946	133
15.0	9	17	0.9916	946	134
16.0	9	17	0.9916	946	135
17.0	9	16	0.9916	946	136
18.0	9	16	0.9916	946	137
19.0	9	16	0.9916	946	138
20.0	9	16	0.9916	946	139
21.0	9	16	0.9916	946	140
22.0	9	16	0.9916	946	141
23.0	9	16	0.9916	946	142
0.0	9	17	0.9906	945	143
1.0	9	16	0.9906	945	144
2.0	9	16	0.9895	944	145
3.0	9	16	0.9895	944	146
4.0	9	16	0.9885	943	147
5.0	9	16	0.9885	943	148
6.0	9	16	0.9885	943	149
7.0	9	17	0.9853	940	150
8.0	9	16	0.9832	938	151
9.0	9	16	0.9874	942	152
10.0	9	16	0.9864	941	153
11.0	9	17	0.9874	942	154
12.0	9	16	0.9864	941	155
13.0	9	16	0.9832	938	156
14.0	9	16	0.9864	941	157
15.0	9	16	0.9874	942	158
16.0	9	17	0.9885	943	159
17.0	9	17	0.9895	944	160
18.0	9	17	0.9895	944	161
19.0	9	17	0.9885	943	162
20.0	9	17	0.9885	943	163
21.0	9	16	0.9885	943	164
22.0	9	16	0.9885	943	165
23.0	9	16	0.9885	943	166
0.0	9	16	0.9906	945	167
1.0	9	16	0.9895	944	168
2.0	9	16	0.9686	924	169
3.0	9	16	0.9193	877	170
4.0	9	16	0.9497	906	171
5.0	9	16	0.9665	922	172
6.0	9	16	0.9686	924	173
7.0	9	16	0.9686	924	174
8.0	9	16	0.978	933	175
9.0	9	16	0.9853	940	176
10.0	9	16	0.9864	941	177
11.0	9	16	0.9874	942	178
12.0	9	16	0.9885	943	179
13.0	9	16	0.9832	938	180
14.0	9	16	0.9885	943	181
15.0	9	16	0.9885	943	182
16.0	9	17	0.9895	944	183
17.0	9	17	0.9843	939	184
18.0	9	16	0.9801	935	185
19.0	9	16	0.9853	940	186
20.0	9	16	0.9727	928	187
21.0	9	16	0.9801	935	188
22.0	9	16	0.9843	939	189
23.0	9	16	0.9727	928	190
0.0	9	16	0.9801	935	191
1.0	9	16	0.9665	922	192
2.0	9	16	0.2159	206	193
3.0	9	16	0.782	746	194
4.0	9	16	0.8784	838	195
5.0	9	16	0.9769	932	196
6.0	9	16	0.9801	935	197
7.0	9	16	0.9853	940	198
8.0	9	16	0.9853	940	199
9.0	9	16	0.9864	941	200
10.0	9	16	0.9843	939	201
11.0	9	16	0.9864	941	202
12.0	9	16	0.9843	939	203
13.0	9	16	0.9853	940	204
14.0	9	16	0.9864	941	205
15.0	9	16	0.9874	942	206
16.0	9	16	0.9864	941	207
17.0	9	16	0.9801	935	208
18.0	9	16	0.9853	940	209
19.0	9	16	0.9832	938	210
20.0	9	16	0.586	559	211
21.0	9	16	0.566	540	212
22.0	9	16	0.8637	824	213
23.0	9	16	0.9853	940	214
0.0	9	16	0.869	829	215
1.0	9	16	0.5744	548	216
2.0	9	15	0.5702	544	217
3.0	9	15	0.5933	566	218
4.0	9	15	0.9706	926	219
5.0	9	15	0.9612	917	220
6.0	9	16	0.3627	346	221
7.0	9	16	0.7704	735	222
8.0	9	16	0.9717	927	223
9.0	9	16	0.9675	923	224
10.0	9	16	0.9633	919	225
11.0	9	16	0.9654	921	226
12.0	9	16	0.9675	923	227
13.0	9	15	0.9665	922	228
14.0	9	16	0.9602	916	229
15.0	9	16	0.9727	928	230
16.0	9	16	0.9769	932	231
17.0	9	16	0.978	933	232
18.0	9	16	0.9717	927	233
19.0	9	16	0.9665	922	234
20.0	9	16	0.695	663	235
21.0	9	16	0.0398	38	236
22.0	9	16	0.3952	377	237
23.0	9	16	0.6363	607	238
0.0	9	16	0.6457	616	239
1.0	9	16	0.74	706	240
2.0	9	16	0.2568	245	241
3.0	9	16	0.0556	53	242
4.0	9	16	0.1488	142	243
5.0	9	16	0.8092	772	244
6.0	9	16	0.9665	922	245
7.0	9	16	0.9801	935	246
8.0	9	16	0.9822	937	247
9.0	9	16	0.9832	938	248
10.0	9	16	0.9853	940	249
11.0	9	16	0.9874	942	250
12.0	9	16	0.9843	939	251
13.0	9	16	0.9843	939	252
14.0	9	16	0.9895	944	253
15.0	9	16	0.9895	944	254
16.0	9	17	0.9895	944	255
17.0	9	17	0.9885	943	256
18.0	9	17	0.9874	942	257
19.0	9	17	0.9885	943	258
20.0	9	17	0.9885	943	259
21.0	9	16	0.9895	944	260
22.0	9	17	0.9906	945	261
23.0	9	17	0.9885	943	262
0.0	9	17	0.9895	944	263
1.0	9	17	0.9906	945	264
2.0	9	17	0.9906	945	265
21.7	9	17	0.9906	945	266
22.0	9	18	0.4843	462	267
23.0	9	18	0.9895	944	268
0.0	9	18	0.9895	944	269
1.0	9	18	0.9906	945	270
2.0	9	18	0.9895	944	271
3.0	9	18	0.9906	945	272
4.0	9	18	0.9906	945	273
5.0	9	18	0.9895	944	274
6.0	9	17	0.9906	945	275
7.0	9	18	0.9906	945	276
8.0	9	18	0.9906	945	277
9.0	9	18	0.9906	945	278
10.0	9	18	0.9885	943	279
11.0	9	18	0.9801	935	280
12.0	9	18	0.9518	908	281
13.0	9	18	0.392	374	282
14.0	9	18	0.0031	3	283
15.0	9	18	0.0031	3	284
16.0	9	18	0.0031	3	285
17.0	9	17	0.0031	3	286
18.0	9	18	0.0031	3	287
19.0	9	18	0.0031	3	288
20.0	9	18	0.0031	3	289
21.0	9	18	0.0042	4	290
22.0	9	18	0.0199	19	291
23.0	9	18	0.0451	43	292
0.0	9	17	0.0524	50	293
1.0	9	18	0.0597	57	294
2.0	9	18	0.0608	58	295
3.0	9	18	0.1111	106	296
4.0	9	18	0.1143	109	297
5.0	9	18	0.1038	99	298
6.0	9	18	0.1164	111	299
7.0	9	18	0.4266	407	300
8.0	9	18	0.9025	861	301
9.0	9	18	0.9759	931	302
10.0	9	18	0.5377	513	303
11.0	9	18	0.0084	8	304
12.0	9	18	0.0042	4	305
13.0	9	18	0.0031	3	306
14.0	9	18	0.0031	3	307
21.7	9	18	0.0031	3	308
22.0	10	7	0.0042	1	1
23.0	10	7	0.0042	1	2
0.0	10	7	0.0	0	3
1.0	10	7	0.0	0	4
2.0	10	7	0.0	0	5
3.0	10	7	0.0042	1	6
4.0	10	7	0.0084	2	7
5.0	10	7	0.0126	3	8
6.0	10	7	0.0042	1	9
7.0	10	7	0.0	0	10
8.0	10	7	0.0	0	11
9.0	10	7	0.0042	1	12
10.0	10	7	0.0	0	13
11.0	10	7	0.0	0	14
12.0	10	7	0.0	0	15
13.0	10	7	0.0	0	16
14.0	10	7	0.0	0	17
15.0	10	7	0.0	0	18
16.0	10	7	0.0	0	19
17.0	10	7	0.0	0	20
18.0	10	7	0.0	0	21
19.0	10	7	0.0	0	22
20.0	10	7	0.0	0	23
21.0	10	7	0.0	0	24
22.0	10	7	0.0	0	25
23.0	10	7	0.0	0	26
0.0	10	7	0.0	0	27
1.0	10	7	0.0042	1	28
2.0	10	7	0.0	0	29
3.0	10	7	0.0	0	30
4.0	10	6	0.0042	1	31
5.0	10	7	0.0042	1	32
6.0	10	7	0.0042	1	33
7.0	10	6	0.0042	1	34
8.0	10	6	0.0042	1	35
9.0	10	6	0.0042	1	36
10.0	10	6	0.0042	1	37
11.0	10	6	0.0042	1	38
12.0	10	6	0.0042	1	39
13.0	10	7	0.0	0	40
14.0	10	7	0.0	0	41
15.0	10	7	0.0	0	42
16.0	10	7	0.0	0	43
17.0	10	7	0.0	0	44
18.0	10	7	0.0	0	45
19.0	10	7	0.0	0	46
20.0	10	7	0.0	0	47
21.0	10	7	0.0	0	48
22.0	10	7	0.0	0	49
23.0	10	7	0.0	0	50
0.0	10	7	0.0	0	51
1.0	10	7	0.0	0	52
2.0	10	7	0.0	0	53
3.0	10	7	0.0042	1	54
4.0	10	7	0.0042	1	55
5.0	10	8	0.0	0	56
6.0	10	8	0.0	0	57
7.0	10	7	0.0042	1	58
8.0	10	7	0.0	0	59
9.0	10	6	0.0	0	60
10.0	10	6	0.0	0	61
11.0	10	6	0.0042	1	62
12.0	10	6	0.0	0	63
13.0	10	6	0.0	0	64
14.0	10	6	0.0	0	65
15.0	10	6	0.0042	1	66
16.0	10	6	0.0042	1	67
17.0	10	6	0.0	0	68
18.0	10	6	0.0126	3	69
19.0	10	6	0.0042	1	70
20.0	10	6	0.0	0	71
21.0	10	6	0.0	0	72
22.0	10	7	0.0	0	73
23.0	10	7	0.0	0	74
0.0	10	7	0.0	0	75
1.0	10	7	0.0042	1	76
2.0	10	7	0.0	0	77
3.0	10	7	0.0	0	78
4.0	10	6	0.0042	1	79
5.0	10	6	0.0042	1	80
6.0	10	6	0.0042	1	81
7.0	10	6	0.0042	1	82
8.0	10	6	0.0042	1	83
9.0	10	6	0.0	0	84
10.0	10	6	0.0	0	85
11.0	10	6	0.0042	1	86
12.0	10	6	0.0084	2	87
13.0	10	6	0.0042	1	88
14.0	10	6	0.0	0	89
15.0	10	6	0.0042	1	90
16.0	10	6	0.0042	1	91
17.0	10	6	0.0	0	92
18.0	10	6	0.0	0	93
19.0	10	6	0.0167	4	94
20.0	10	6	0.0	0	95
21.0	10	6	0.0	0	96
22.0	10	6	0.0	0	97
23.0	10	6	0.0	0	98
0.0	10	7	0.0042	1	99
1.0	10	7	0.0042	1	100
2.0	10	7	0.0042	1	101
3.0	10	7	0.0042	1	102
4.0	10	7	0.0042	1	103
5.0	10	7	0.0042	1	104
6.0	10	7	0.0042	1	105
7.0	10	6	0.0	0	106
8.0	10	6	0.0	0	107
9.0	10	6	0.0	0	108
10.0	10	6	0.0	0	109
11.0	10	6	0.0	0	110
12.0	10	6	0.0	0	111
13.0	10	6	0.0	0	112
14.0	10	6	0.0	0	113
15.0	10	6	0.0042	1	114
16.0	10	6	0.0042	1	115
17.0	10	6	0.0	0	116
18.0	10	6	0.0	0	117
19.0	10	6	0.0167	4	118
20.0	10	6	0.0	0	119
21.0	10	6	0.0	0	120
22.0	10	6	0.0	0	121
23.0	10	7	0.0	0	122
0.0	10	7	0.0042	1	123
1.0	10	6	0.0	0	124
2.0	10	7	0.0042	1	125
3.0	10	7	0.0042	1	126
4.0	10	6	0.0042	1	127
5.0	10	7	0.0042	1	128
6.0	10	7	0.0	0	129
7.0	10	7	0.0	0	130
8.0	10	6	0.0	0	131
9.0	10	6	0.0	0	132
10.0	10	6	0.0	0	133
11.0	10	6	0.0	0	134
12.0	10	6	0.0	0	135
13.0	10	6	0.0	0	136
14.0	10	6	0.0	0	137
15.0	10	6	0.0042	1	138
16.0	10	6	0.0042	1	139
17.0	10	6	0.0	0	140
18.0	10	6	0.0126	3	141
19.0	10	6	0.0	0	142
20.0	10	6	0.0	0	143
21.0	10	6	0.0	0	144
22.0	10	6	0.0	0	145
23.0	10	7	0.0	0	146
0.0	10	7	0.0	0	147
1.0	10	7	0.0042	1	148
2.0	10	7	0.0042	1	149
3.0	10	7	0.0042	1	150
4.0	10	7	0.0042	1	151
5.0	10	7	0.0042	1	152
6.0	10	7	0.0042	1	153
7.0	10	7	0.0	0	154
8.0	10	7	0.0	0	155
9.0	10	6	0.0	0	156
10.0	10	6	0.0	0	157
11.0	10	6	0.0	0	158
12.0	10	6	0.0	0	159
13.0	10	6	0.0	0	160
14.0	10	7	0.0	0	161
15.0	10	7	0.0042	1	162
16.0	10	7	0.0042	1	163
17.0	10	7	0.0	0	164
18.0	10	7	0.0042	1	165
19.0	10	6	0.0	0	166
20.0	10	7	0.0	0	167
21.0	10	7	0.0	0	168
22.0	10	7	0.0	0	169
23.0	10	6	0.0084	2	170
0.0	10	7	0.0126	3	171
1.0	10	7	0.0042	1	172
2.0	10	7	0.0	0	173
3.0	10	7	0.0	0	174
4.0	10	7	0.0	0	175
5.0	10	7	0.0	0	176
6.0	10	7	0.0	0	177
7.0	10	7	0.0	0	178
8.0	10	7	0.0	0	179
9.0	10	7	0.0	0	180
10.0	10	7	0.0	0	181
11.0	10	7	0.0	0	182
12.0	10	6	0.0	0	183
13.0	10	6	0.0	0	184
14.0	10	7	0.0	0	185
15.0	10	6	0.0	0	186
16.0	10	6	0.0	0	187
17.0	10	7	0.0	0	188
18.0	10	7	0.0	0	189
19.0	10	6	0.0	0	190
20.0	10	6	0.0	0	191
21.0	10	7	0.0	0	192
22.0	10	7	0.0	0	193
23.0	10	7	0.0	0	194
0.0	10	7	0.0	0	195
1.0	10	7	0.0	0	196
2.0	10	7	0.0	0	197
3.0	10	7	0.0	0	198
4.0	10	7	0.0	0	199
5.0	10	7	0.0	0	200
6.0	10	7	0.0	0	201
7.0	10	7	0.0	0	202
8.0	10	7	0.0	0	203
9.0	10	7	0.0	0	204
10.0	10	6	0.0	0	205
11.0	10	6	0.0	0	206
12.0	10	6	0.0	0	207
13.0	10	6	0.0	0	208
14.0	10	6	0.0	0	209
15.0	10	6	0.0	0	210
16.0	10	6	0.0	0	211
17.0	10	6	0.0	0	212
18.0	10	6	0.0	0	213
19.0	10	6	0.0	0	214
20.0	10	6	0.0	0	215
21.0	10	6	0.0	0	216
22.0	10	7	0.0	0	217
23.0	10	7	0.0	0	218
0.0	10	7	0.0	0	219
1.0	10	7	0.0	0	220
2.0	10	7	0.0	0	221
3.0	10	7	0.0	0	222
4.0	10	7	0.0	0	223
5.0	10	7	0.0	0	224
6.0	10	7	0.0	0	225
7.0	10	7	0.0	0	226
8.0	10	7	0.0	0	227
9.0	10	7	0.0	0	228
10.0	10	6	0.0	0	229
11.0	10	6	0.0	0	230
12.0	10	6	0.0	0	231
13.0	10	6	0.0	0	232
14.0	10	6	0.0	0	233
15.0	10	6	0.0	0	234
16.0	10	6	0.0	0	235
17.0	10	6	0.0	0	236
18.0	10	6	0.0	0	237
19.0	10	6	0.0084	2	238
20.0	10	6	0.0	0	239
21.0	10	6	0.0	0	240
22.0	10	7	0.0	0	241
23.0	10	7	0.0	0	242
0.0	10	7	0.0	0	243
1.0	10	7	0.0042	1	244
2.0	10	7	0.0	0	245
3.0	10	7	0.0	0	246
4.0	10	7	0.0084	2	247
5.0	10	7	0.0042	1	248
6.0	10	7	0.0	0	249
7.0	10	7	0.0	0	250
8.0	10	7	0.0	0	251
9.0	10	7	0.0	0	252
10.0	10	7	0.0	0	253
11.0	10	7	0.0	0	254
12.0	10	7	0.0	0	255
13.0	10	7	0.0	0	256
14.0	10	7	0.0	0	257
15.0	10	7	0.0	0	258
16.0	10	7	0.0	0	259
17.0	10	7	0.0	0	260
18.0	10	7	0.0293	7	261
19.0	10	7	0.0	0	262
20.0	10	7	0.0	0	263
21.0	10	7	0.0	0	264
22.0	10	7	0.0	0	265
23.0	10	7	0.0	0	266
0.0	10	7	0.0	0	267
1.0	10	7	0.0	0	268
2.0	10	7	0.0251	6	269
3.0	10	7	0.0	0	270
4.0	10	7	0.0	0	271
5.0	10	7	0.0	0	272
6.0	10	7	0.0	0	273
7.0	10	7	0.0	0	274
8.0	10	7	0.0	0	275
9.0	10	7	0.0	0	276
10.0	10	7	0.0	0	277
11.0	10	7	0.0	0	278
12.0	10	7	0.0	0	279
13.0	10	7	0.0	0	280
14.0	10	7	0.0	0	281
15.0	10	7	0.0	0	282
16.0	10	7	0.0	0	283
17.0	10	7	0.0	0	284
18.0	10	7	0.0209	5	285
19.0	10	7	0.0	0	286
20.0	10	7	0.0	0	287
21.0	10	7	0.0	0	288
22.0	10	7	0.0	0	289
23.0	10	7	0.0	0	290
0.0	10	7	0.0	0	291
1.0	10	7	0.0	0	292
2.0	10	7	0.0	0	293
3.0	10	7	0.0042	1	294
4.0	10	7	0.0	0	295
5.0	10	7	0.0	0	296
6.0	10	7	0.0	0	297
7.0	10	7	0.0	0	298
8.0	10	7	0.0	0	299
9.0	10	7	0.0	0	300
10.0	10	7	0.0	0	301
11.0	10	7	0.0	0	302
12.0	10	7	0.0	0	303
13.0	10	7	0.0	0	304
14.0	10	7	0.0	0	305
15.0	10	7	0.0	0	306
16.0	10	7	0.0	0	307
17.0	10	7	0.0	0	308
18.0	10	7	0.0042	1	309
19.0	10	7	0.0	0	310
20.0	10	7	0.0	0	311
21.0	10	7	0.0	0	312
22.0	10	7	0.0	0	313
23.0	10	7	0.0	0	314
0.0	10	7	0.0	0	315
1.0	10	7	0.0	0	316
2.0	10	7	0.0	0	317
3.0	10	7	0.0	0	318
4.0	10	7	0.0	0	319
5.0	10	8	0.0	0	320
6.0	10	7	0.0	0	321
7.0	10	7	0.0	0	322
8.0	10	7	0.0	0	323
9.0	10	7	0.0	0	324
10.0	10	7	0.0	0	325
11.0	10	7	0.0	0	326
12.0	10	7	0.0	0	327
13.0	10	7	0.0	0	328
14.0	10	7	0.0	0	329
15.0	10	7	0.0	0	330
16.0	10	7	0.0	0	331
17.0	10	7	0.0	0	332
18.0	10	7	0.0167	4	333
19.0	10	7	0.0	0	334
20.0	10	7	0.0	0	335
21.0	10	7	0.0	0	336
22.0	10	7	0.0	0	337
23.0	10	7	0.0	0	338
0.0	10	7	0.0	0	339
1.0	10	7	0.0	0	340
2.0	10	7	0.0	0	341
3.0	10	7	0.0	0	342
4.0	10	8	0.0	0	343
5.0	10	8	0.0	0	344
6.0	10	8	0.0	0	345
7.0	10	7	0.0	0	346
8.0	10	7	0.0	0	347
9.0	10	7	0.0	0	348
10.0	10	7	0.0	0	349
11.0	10	7	0.0	0	350
12.0	10	7	0.0	0	351
13.0	10	7	0.0	0	352
14.0	10	7	0.0	0	353
15.0	10	7	0.0	0	354
16.0	10	7	0.0	0	355
17.0	10	7	0.0	0	356
18.0	10	7	0.0	0	357
19.0	10	7	0.0	0	358
20.0	10	7	0.0	0	359
21.0	10	7	0.0	0	360
22.0	10	7	0.0	0	361
23.0	10	7	0.0	0	362
0.0	10	7	0.0	0	363
1.0	10	7	0.0	0	364
2.0	10	7	0.0	0	365
3.0	10	7	0.0	0	366
4.0	10	7	0.0	0	367
5.0	10	7	0.0	0	368
6.0	10	7	0.0	0	369
7.0	10	7	0.0	0	370
8.0	10	7	0.0	0	371
9.0	10	7	0.0	0	372
10.0	10	7	0.0	0	373
11.0	10	7	0.0	0	374
12.0	10	7	0.0	0	375
13.0	10	7	0.0	0	376
14.0	10	7	0.0	0	377
15.0	10	7	0.0	0	378
16.0	10	7	0.0	0	379
17.0	10	7	0.0	0	380
18.0	10	7	0.0	0	381
19.0	10	7	0.0	0	382
20.0	10	7	0.0	0	383
21.0	10	7	0.0	0	384
22.0	10	7	0.0	0	385
23.0	10	7	0.0	0	386
0.0	10	7	0.0	0	387
1.0	10	7	0.0	0	388
2.0	10	7	0.0	0	389
3.0	10	7	0.0	0	390
4.0	10	8	0.0	0	391
5.0	10	8	0.0	0	392
6.0	10	8	0.0	0	393
7.0	10	7	0.0	0	394
8.0	10	7	0.0	0	395
9.0	10	7	0.0	0	396
10.0	10	7	0.0	0	397
11.0	10	7	0.0	0	398
12.0	10	7	0.0	0	399
13.0	10	7	0.0	0	400
14.0	10	7	0.0	0	401
15.0	10	7	0.0	0	402
16.0	10	7	0.0	0	403
17.0	10	7	0.0	0	404
18.0	10	7	0.0	0	405
19.0	10	7	0.0251	6	406
20.0	10	7	0.0	0	407
21.0	10	7	0.0	0	408
22.0	10	7	0.0	0	409
23.0	10	7	0.0	0	410
0.0	10	7	0.0	0	411
1.0	10	7	0.0	0	412
2.0	10	7	0.0042	1	413
3.0	10	8	0.0	0	414
4.0	10	7	0.0	0	415
5.0	10	8	0.0	0	416
6.0	10	7	0.0	0	417
7.0	10	7	0.0	0	418
8.0	10	7	0.0	0	419
9.0	10	7	0.0	0	420
10.0	10	7	0.0	0	421
11.0	10	7	0.0	0	422
12.0	10	7	0.0	0	423
13.0	10	7	0.0	0	424
14.0	10	7	0.0	0	425
15.0	10	7	0.0	0	426
16.0	10	7	0.0	0	427
17.0	10	7	0.0	0	428
18.0	10	7	0.0126	3	429
19.0	10	7	0.0	0	430
20.0	10	7	0.0	0	431
21.0	10	7	0.0	0	432
22.0	10	7	0.0	0	433
23.0	10	7	0.0	0	434
0.0	10	7	0.0	0	435
1.0	10	7	0.0	0	436
2.0	10	7	0.0	0	437
3.0	10	7	0.0	0	438
4.0	10	7	0.0	0	439
5.0	10	7	0.0042	1	440
6.0	10	7	0.0	0	441
7.0	10	7	0.0	0	442
8.0	10	7	0.0	0	443
9.0	10	7	0.0	0	444
10.0	10	7	0.0	0	445
11.0	10	7	0.0	0	446
12.0	10	7	0.0	0	447
13.0	10	7	0.0	0	448
14.0	10	7	0.0	0	449
15.0	10	7	0.0	0	450
16.0	10	7	0.0	0	451
17.0	10	7	0.0	0	452
18.0	10	7	0.0	0	453
19.0	10	7	0.0126	3	454
20.0	10	7	0.0	0	455
21.0	10	7	0.0	0	456
22.0	10	7	0.0	0	457
23.0	10	7	0.0	0	458
0.0	10	7	0.0	0	459
1.0	10	7	0.0	0	460
2.0	10	7	0.0042	1	461
3.0	10	7	0.0042	1	462
4.0	10	7	0.0	0	463
5.0	10	7	0.0	0	464
6.0	10	7	0.0042	1	465
7.0	10	7	0.0	0	466
8.0	10	7	0.0	0	467
9.0	10	7	0.0	0	468
10.0	10	7	0.0	0	469
11.0	10	7	0.0	0	470
12.0	10	7	0.0	0	471
13.0	10	7	0.0	0	472
14.0	10	7	0.0	0	473
15.0	10	7	0.0	0	474
16.0	10	7	0.0	0	475
17.0	10	7	0.0	0	476
18.0	10	7	0.0	0	477
19.0	10	7	0.0084	2	478
20.0	10	7	0.0	0	479
21.0	10	7	0.0	0	480
22.0	10	7	0.0	0	481
23.0	10	7	0.0	0	482
0.0	10	7	0.0	0	483
1.0	10	7	0.0	0	484
2.0	10	7	0.0	0	485
3.0	10	7	0.0	0	486
4.0	10	7	0.0	0	487
5.0	10	7	0.0	0	488
6.0	10	7	0.0	0	489
7.0	10	7	0.0	0	490
8.0	10	7	0.0	0	491
9.0	10	7	0.0	0	492
10.0	10	7	0.0	0	493
11.0	10	7	0.0	0	494
12.0	10	7	0.0	0	495
13.0	10	7	0.0	0	496
14.0	10	7	0.0	0	497
15.0	10	7	0.0	0	498
16.0	10	7	0.0	0	499
17.0	10	7	0.0	0	500
18.0	10	7	0.0	0	501
19.0	10	7	0.0084	2	502
20.0	10	7	0.0	0	503
21.0	10	7	0.0	0	504
22.0	10	7	0.0	0	505
23.0	10	7	0.0	0	506
0.0	10	7	0.0	0	507
1.0	10	7	0.0	0	508
2.0	10	7	0.0	0	509
3.0	10	7	0.0	0	510
4.0	10	7	0.0	0	511
5.0	10	8	0.0	0	512
6.0	10	7	0.0	0	513
21.13	10	7	0.0	0	514